[0.00056755 0.00079357 0.00058868 0.00063194 0.00068413 0.00063099
 0.00066143 0.00076412 0.00087256 0.00035526 0.0006338  0.00069857
 0.00077162 0.00067915 0.00069948 0.00037026 0.00060886 0.00057644
 0.00068467 0.0006085  0.00055868 0.00058405 0.00071385 0.00062976
 0.00085317 0.00086354 0.00093089 0.0007865  0.00049995 0.00092553
 0.00058014 0.00083292 0.00093601 0.00056613 0.00043669 0.00042227
 0.00052167 0.00049212 0.00054324 0.00057073 0.0005379  0.00057576
 0.00075405 0.00088237 0.00112973 0.00047285 0.00068177 0.00083023
 0.00060326 0.00072315 0.00034676 0.00062039 0.00057932 0.00069977
 0.00053312 0.00068512 0.00069926 0.00035708 0.00057647 0.00042417
 0.0006578  0.00054089 0.00065168 0.00065351 0.00069057 0.0004516
 0.00039829 0.00055579 0.00103161 0.00063363 0.00047077 0.00079536
 0.00082004 0.00110421 0.00037996 0.00041715 0.00080524 0.00061237
 0.00035296 0.00034257 0.000486   0.00036086 0.00035427 0.00042474
 0.0004845  0.00066556 0.0003517  0.00059504 0.00106957 0.0007489
 0.00090537 0.00095674 0.00072078 0.00065954 0.00055553 0.00073203
 0.00051424 0.00034372 0.00057721 0.00083139 0.00057586 0.00057903
 0.00074442 0.00062215 0.00079617 0.00079243 0.00037956 0.00034485
 0.00038728 0.00050301 0.00039832 0.00035481 0.00086936 0.0006904
 0.00112061 0.00120723 0.00074558 0.00058213 0.00033582 0.00046103
 0.00038694 0.00075954 0.00057148 0.00072599 0.00040207 0.0006777
 0.00137926 0.00075997]