146,82,177,205,140,16,123,79,33,197,135,77,143,35,194,124,112,100,102,12,198,123,95,157,76,146,181,128,189,87,177,82,66,33,149,86,60,238,119,78,152,107,131,75,59,87,247,0,165,180,55,215,66,2,150,85,155,192,160,82,114,109,130,230,115,202,218,237,166,58,105,79,3,117,157,179,50,54,207,210,222,74,21,140,181,210,48,58,226,124,46,224,110,194,125,179,227,132,57,202,123,75,237,88,167,157,105,249,175,10,78,19,12,226,166,85,34,148,59,51,77,103,234,226,28,147,175,169
68,180,34,132,109,162,225,80,94,202,148,131,191,71,106,157,216,125,163,201,212,99,95,129,189,86,131,128,206,52,147,107,183,206,192,181,177,11,229,94,185,195,132,105,102,132,185,82,189,31,182,94,52,170,47,175,172,38,140,205,142,100,128,187,76,101,139,71,148,208,204,122,100,125,178,198,98,189,204,74,40,178,46,64,115,172,13,154,39,138,122,112,101,147,158,109,170,34,39,47,185,200,123,41,164,23,135,213,254,255,19,47,126,119,68,145,74,209,97,104,103,124,42,74,82,125,172,90
38,132,133,220,127,138,196,47,122,255,227,172,183,218,222,131,136,209,125,254,86,192,132,187,181,207,120,252,165,213,179,36,207,115,215,142,30,127,108,126,2,249,83,207,76,96,192,45,187,61,38,72,104,54,151,229,200,178,98,145,140,222,150,218,139,32,53,6,83,113,91,86,121,130,174,141,165,36,153,31,113,22,209,59,185,109,238,123,60,58,239,132,70,62,98,199,101,69,146,75,21,133,203,130,226,143,236,129,225,173,60,100,85,156,173,168,108,222,32,201,74,184,154,201,21,87,219,213
194,222,132,218,135,221,187,215,66,95,74,248,186,148,179,47,17,243,78,127,10,118,96,172,159,78,145,196,244,69,201,81,105,52,97,123,160,70,127,129,42,223,102,91,33,100,85,92,170,229,116,92,157,152,41,255,85,11,158,125,94,86,123,245,164,31,149,127,89,105,105,111,68,140,201,71,150,234,104,87,29,198,232,180,113,140,107,132,142,60,175,101,232,117,158,165,197,181,71,161,178,114,154,172,239,203,98,229,85,29,207,21,180,245,112,175,106,149,204,181,232,49,201,160,197,102,252,84
198,118,96,138,108,86,129,63,77,109,82,165,129,138,38,210,116,124,141,200,187,74,136,117,168,192,189,158,56,164,93,72,99,171,70,181,182,85,140,85,62,191,115,144,116,152,183,145,127,156,217,150,67,108,45,166,190,67,149,148,145,181,100,85,144,164,186,71,207,133,118,78,154,183,176,119,99,104,80,194,134,181,141,144,170,63,60,111,181,90,114,165,86,51,144,107,111,90,53,98,92,166,175,185,146,166,55,202,152,144,140,146,91,182,97,72,0,184,65,130,206,108,160,157,66,117,182,165
158,238,100,154,114,208,198,120,67,80,209,243,117,95,63,93,237,238,193,233,75,66,135,160,146,59,54,93,50,218,79,109,104,99,136,124,188,149,67,218,83,162,63,72,167,83,182,76,43,168,207,209,70,151,215,101,60,192,140,203,212,52,70,105,158,88,180,75,186,175,19,250,124,68,101,206,168,255,206,68,215,38,52,213,163,90,153,69,175,228,145,111,174,117,81,177,124,116,157,185,84,79,96,221,180,209,83,86,104,99,243,55,247,40,156,117,189,56,224,252,108,103,68,178,135,176,232,51
169,188,210,142,49,171,141,128,148,71,92,123,30,55,56,67,111,152,150,203,187,213,51,194,135,192,213,214,41,54,110,116,105,136,63,113,215,101,119,143,26,13,37,167,193,86,182,52,204,102,189,162,79,33,74,49,217,143,156,113,45,130,19,101,63,119,168,218,202,202,190,104,131,136,183,105,171,21,168,40,63,151,44,128,86,151,82,88,82,168,187,135,104,60,155,194,148,62,27,165,206,156,197,65,115,133,135,22,121,26,112,86,67,0,223,105,149,44,175,213,37,153,122,137,105,155,173,117
78,133,228,165,108,195,132,220,153,128,207,137,191,221,68,195,100,221,21,222,143,85,60,189,236,140,129,39,251,171,50,11,132,87,47,72,77,49,223,43,0,215,18,82,40,78,247,89,130,235,126,157,40,134,41,224,121,94,125,30,241,168,150,197,195,163,199,65,112,158,160,145,114,131,202,100,190,219,82,155,156,66,120,61,208,156,92,195,209,141,244,204,69,204,85,108,159,67,238,158,82,227,108,228,129,160,83,205,46,24,223,41,203,246,117,167,171,250,97,27,105,60,239,65,94,93,105,70
55,142,15,124,150,149,78,26,47,235,231,148,167,110,38,144,157,230,238,159,17,86,13,139,183,148,35,166,223,95,153,61,150,106,132,15,124,162,207,155,43,158,157,102,91,229,134,115,141,201,205,178,60,139,108,97,89,213,168,223,95,116,111,126,143,209,228,92,183,114,67,160,98,132,186,125,213,44,60,245,27,227,207,208,159,111,132,49,141,194,172,99,184,56,94,203,222,27,53,95,47,148,179,148,129,145,128,164,231,196,208,152,193,15,197,102,113,152,188,115,139,144,54,60,1,196,195,155
96,170,186,14,145,222,115,39,124,83,219,253,174,42,124,17,166,100,148,118,128,12,176,79,162,232,131,38,122,201,37,35,73,41,197,202,89,235,74,158,105,73,121,53,122,228,156,169,123,90,211,140,96,97,8,156,219,253,131,207,213,52,135,220,186,1,162,124,142,129,65,33,103,82,176,58,108,214,110,155,144,83,197,171,27,152,59,68,54,194,123,151,195,177,140,142,46,12,90,198,114,208,157,89,11,209,184,213,59,72,124,133,231,118,166,49,49,165,64,253,182,0,8,138,55,97,138,152
