40
59
159
218
183
146
190
62
164
62
182
255
108
177
65
136
161
30
147
219
103
92
107
13
142
87
130
97
180
130
159
86
248
43
85
138
48
105
177
186
119
144
216
218
37
134
143
99
14
72
106
98
87
58
220
43
59
102
236
165
41
175
175
183
45
104
158
121
220
22
174
183
202
182
133
137
211
180
70
128
219
18
151
29
40
156
222
255
241
55
20
145
19
99
128
248
153
6
110
66
161
252
224
129
161
243
55
22
138
22
124
6
252
198
72
38
69
88
205
36
178
152
59
205
94
193
49
55
137
57
200
179
90
225
131
189
150
45
6
98
215
165
135
191
223
208
19
34
236
104
78
103
133
240
226
190
34
157
59
109
249
143
244
171
203
250
49
67
96
93
7
122
167
56
219
61
172
148
135
189
170
123
77
142
125
135
178
210
27
175
80
184
6
47
89
67
22
35
26
184
96
125
38
163
255
226
202
106
214
61
119
44
103
26
239
173
22
111
194
118
252
199
38
92
155
203
75
107
255
144
216
58
134
213
21
251
86
215
163
231
101
180
117
165
235
218
102
246
100
85
64
150
214
225
209
26
130
127
235
50
61
19
42
177
200
141
140
15
59
215
122
123
89
236
20
163
139
174
8
246
101
250
81
239
113
75
212
6
136
187
53
105
2
84
145
15
172
190
69
41
201
86
139
85
39
144
52
85
18
44
100
232
204
206
191
156
231
113
155
63
219
132
207
45
60
207
80
143
232
145
145
56
213
52
24
180
239
58
196
31
168
201
127
100
139
86
122
107
116
186
177
39
69
76
53
142
179
48
27
212
130
145
102
131
11
255
185
146
198
136
179
187
73
134
25
78
91
9
241
121
123
164
152
171
118
73
68
103
95
66
250
3
16
153
45
251
184
118
192
158
184
143
23
232
192
12
221
45
171
96
54
6
169
208
128
207
84
198
6
172
158
65
229
67
117
208
208
220
137
207
158
57
154
210
203
58
114
101
29
186
188
0
92
2
68
122
27
227
211
248
126
131
147
26
177
21
179
11
169
29
141
192
42
14
238
193
12
230
121
95
146
104
219
150
228
68
160
119
5
212
160
155
44
132
225
95
177
198
49
190
88
191
64
84
3
160
65
218
44
149
248
36
253
179
230
90
150
33
50
39
148
162
162
197
200
223
135
0
41
171
209
93
149
223
171
44
4
71
128
85
14
218
132
32
48
78
83
65
198
6
31
190
90
97
39
105
119
161
67
122
105
0
99
148
73
249
147
81
107
182
198
189
250
214
239
236
226
99
158
76
192
253
228
125
174
123
200
51
210
136
70
214
160
132
188
179
225
236
218
163
249
189
145
35
79
207
34
134
204
142
210
44
177
195
225
27
139
142
67
199
232
206
116
87
60
231
19
222
188
40
144
125
217
19
89
34
58
163
62
27
183
189
27
94
55
18
40
102
173
215
149
103
88
157
173
206
139
245
50
117
224
174
42
194
44
187
128
255
226
151
55
91
165
78
90
81
105
220
214
36
126
66
203
24
146
45
196
250
86
75
119
43
122
30
112
161
84
153
66
255
190
103
42
62
254
237
89
168
250
79
117
248
103
216
71
136
52
34
53
220
33
114
124
50
245
155
203
213
190
145
157
42
68
72
136
23
255
179
155
158
119
138
78
49
24
154
166
102
222
70
126
50
106
238
36
230
169
158
76
33
18
0
209
197
121
183
197
89
89
172
187
205
3
60
197
104
30
106
227
214
23
51
235
52
24
147
119
204
185
89
72
29
179
186
254
130
66
72
50
216
47
114
244
159
117
89
168
121
13
229
117
127
135
212
106
3
56
236
127
133
117
69
51
174
191
130
212
98
14
251
245
122
231
40
120
105
62
1
188
243
55
18
165
167
97
155
194
178
35
179
25
29
93
155
47
40
217
68
149
42
182
225
144
128
130
249
255
221
221
174
230
143
13
241
57
254
98
178
100
51
5
235
174
72
109
235
41
230
118
26
158
112
1
39
140
250
58
138
2
251
255
53
209
96
0
180
169
185
116
244
92
97
159
102
117
39
29
253
240
219
64
40
56
66
43
190
250
126
95
176
90
216
34
228
162
103
59
156
96
208
107
199
38
255
118
132
86
102
65
149
161
83
41
59
10
77
158
209
112
62
164
136
213
73
194
183
65
138
105
143
106
190
162
53
201
207
150
56
4
153
237
43
236
199
214
128
147
54
161
151
194
155
245
51
71
34
255
252
178
118
74
87
60
85
43
211
160
73
84
31
160
129
224
233
238
181
110
113
54
145
240
121
11
210
19
200
33
112
211
158
10
88
22
144
124
77
120
60
216
94
18
158
166
132
237
57
52
134
248
66
186
89
5
130
54
192
224
114
132
224
116
105
187
188
183
201
254
63
208
139
192
244
247
67
244
248
131
22
248
143
224
162
57
78
220
154
208
227
189
177
166
210
61
117
70
64
85
243
80
61
226
235
189
178
173
222
94
221
14
106
85
58
128
120
1
5
120
117
12
196
127
190
181
113
136
207
54
237
66
246
193
123
225
92
231
152
114
223
27
131
14
151
16
87
210
0
140
43
130
240
109
207
31
237
67
172
221
36
53
254
101
117
216
223
142
34
246
17
244
237
162
167
175
160
89
129
137
23
149
253
237
233
154
245
27
160
25
6
106
149
185
39
141
151
93
177
239
205
28
218
198
103
243
184
47
97
228
144
112
163
39
240
46
135
193
191
124
105
91
168
70
170
154
8
33
137
102
31
116
75
42
61
224
159
25
201
189
77
188
242
44
148
165
230
89
78
113
39
28
85
140
111
155
145
106
122
17
58
163
132
96
188
218
108
184
89
255
189
75
251
68
144
172
132
119
86
210
246
136
96
118
232
205
24
240
171
26
160
16
255
225
195
98
164
140
189
27
196
70
175
124
85
115
43
119
39
26
16
208
43
211
162
176
32
30
25
99
201
119
93
180
109
156
174
82
96
225
160
108
158
111
68
38
215
200
117
224
236
211
207
51
85
249
234
22
239
103
50
63
218
231
172
167
112
13
59
17
116
114
126
106
8
168
111
146
15
93
241
216
130
218
116
157
25
255
202
10
144
223
211
112
183
251
183
111
57
120
177
197
158
9
201
26
73
159
139
140
121
177
219
113
114
105
86
61
13
223
78
75
163
79
247
201
185
114
127
82
251
156
182
212
142
71
60
100
86
227
11
100
136
190
95
50
224
165
153
180
222
123
99
55
62
96
100
208
77
77
220
155
128
177
120
209
151
212
101
98
159
97
36
31
69
41
8
60
132
114
159
233
208
228
240
168
36
16
150
51
37
44
157
81
186
202
21
203
228
84
83
42
52
255
252
183
122
122
179
156
2
81
53
239
112
177
193
107
242
112
95
70
234
30
112
174
231
159
196
199
220
76
7
153
157
3
18
178
97
224
218
77
204
79
91
62
20
120
252
122
219
169
46
157
252
204
153
218
29
255
55
233
33
171
221
35
93
27
216
53
64
151
187
69
200
97
29
14
144
133
145
99
205
23
44
1
167
207
176
172
15
212
192
165
107
118
43
255
107
213
165
229
138
34
64
157
251
26
212
191
213
74
173
22
134
220
217
174
93
87
185
78
23
183
35
166
106
194
0
179
72
5
139
180
130
11
172
57
117
158
68
87
219
86
150
89
246
150
13
230
246
164
144
119
226
143
106
126
108
52
227
194
174
99
85
9
243
239
127
158
107
189
173
102
241
228
239
117
219
232
90
84
74
239
187
204
167
162
57
20
10
241
20
140
126
89
236
172
140
252
12
128
119
199
19
52
247
153
237
98
53
93
197
0
59
194
44
182
21
63
230
132
149
93
145
124
12
145
146
11
252
208
94
27
170
47
134
31
91
46
89
34
146
246
71
14
147
209
99
239
129
117
38
251
77
255
129
131
41
214
130
115
82
164
248
78
91
19
112
227
86
244
211
208
25
28
51
249
169
42
90
179
48
24
2
158
160
112
74
154
233
209
23
225
184
221
228
216
148
123
8
212
248
13
138
60
23
21
244
204
124
250
246
151
164
15
198
179
146
40
59
20
20
0
248
163
182
172
72
124
77
154
79
6
217
229
253
114
61
177
23
21
253
2
184
30
182
53
237
179
25
167
142
26
86
56
212
28
138
89
139
41
248
29
129
34
164
137
85
220
104
222
7
231
131
44
235
24
45
203
203
178
230
141
179
55
117
86
106
175
211
253
184
61
199
40
236
235
150
254
10
234
139
27
227
36
207
6
27
11
8
204
248
224
58
37
180
114
191
57
5
32
118
121
24
225
48
54
189
196
136
49
7
102
240
117
76
102
187
210
33
57
178
124
55
247
51
100
174
79
67
255
233
107
186
77
180
197
254
249
104
148
53
126
247
225
160
225
66
19
178
216
244
66
68
176
197
38
170
237
49
52
62
236
77
43
194
52
251
151
244
131
124
215
68
173
53
65
172
86
34
46
54
187
115
109
138
145
105
140
126
131
225
156
193
209
104
199
193
134
46
28
247
34
31
165
243
142
96
255
54
47
63
172
251
89
112
149
110
129
108
52
105
200
59
156
118
97
237
134
91
49
247
104
173
88
239
96
5
217
167
173
3
107
239
105
34
179
220
223
60
54
76
163
72
206
104
235
226
66
26
173
62
153
21
203
188
241
108
217
18
167
20
90
126
234
105
149
17
242
105
116
1
27
88
104
22
227
136
182
109
225
85
59
85
224
111
154
57
234
163
82
176
160
176
229
52
208
88
239
55
143
93
111
140
96
124
131
112
8
111
2
110
164
220
136
39
121
6
153
195
160
154
199
55
195
141
201
202
26
150
45
49
8
193
199
12
148
215
126
75
52
153
127
187
255
99
161
112
110
117
190
42
113
52
116
228
134
109
237
234
212
141
63
245
203
86
103
244
107
23
239
175
74
202
39
242
11
214
149
17
30
218
32
211
20
55
33
49
104
236
123
242
231
64
10
203
1
251
228
9
89
72
101
17
208
215
119
125
243
10
28
195
161
224
180
86
149
94
129
216
99
37
21
194
22
195
144
158
213
4
38
233
212
211
12
96
196
255
229
181
251
155
27
59
120
72
255
67
41
116
39
95
226
92
232
173
103
176
127
170
87
161
28
58
232
54
107
222
175
140
88
49
65
117
107
46
100
192
122
250
78
234
225
158
215
212
84
48
28
186
125
219
69
193
188
234
78
59
163
158
199
38
136
144
151
20
144
111
239
62
165
38
56
184
85
130
167
149
147
60
74
255
38
180
23
223
201
218
127
58
206
127
118
43
125
31
58
107
164
63
126
144
246
224
220
33
86
220
102
55
222
254
93
94
42
118
33
215
100
180
144
141
242
31
25
210
53
45
215
45
181
47
91
168
23
114
113
65
196
142
92
194
164
46
102
66
82
92
191
199
248
233
