119
131
125
119
118
123
128
138
133
126
115
128
120
121
130
126
126
138
130
118
129
127
122
121
125
112
125
135
130
120
126
128
133
117
118
118
134
143
127
123
108
132
148
139
124
131
131
130
130
121
115
143
145
126
126
122
125
129
124
121
113
135
109
109
126
131
130
132
125
123
112
123
105
121
140
138
130
125
123
130
121
133
124
140
138
127
114
122
130
137
148
136
122
126
129
122
116
127
131
127
132
133
131
128
125
126
132
125
129
127
137
138
139
138
128
126
131
120
127
130
131
127
131
128
130
132
135
124
124
138
128
120
130
120
120
133
137
120
125
132
128
120
135
131
122
128
129
113
126
132
133
123
128
126
113
124
124
114
124
128
139
119
126
130
121
129
127
119
124
128
137
123
126
130
119
130
132
122
129
133
133
121
128
127
117
120
121
119
128
132
127
118
127
120
112
123
123
118
122
123
119
117
119
119
117
121
121
128
131
125
120
122
117
116
124
133
133
136
136
121
122
124
137
130
134
133
131
132
131
124
123
122
131
131
135
129
134
136
135
130
117
123
126
127
128
134
135
134
133
126
119
131
131
134
132
136
132
126
130
129
127
137
131
127
121
128
130
134
128
131
133
135
127
125
127
136
132
135
130
123
134
132
139
132
138
138
130
130
127
129
138
143
142
132
137
132
132
137
140
136
167
166
156
156
158
150
138
142
146
142
166
163
145
148
155
151
143
151
149
148
162
163
148
154
157
156
147
141
145
151
168
167
155
152
156
157
141
140
148
154
161
162
158
137
161
156
142
145
156
155
153
149
153
144
168
166
142
146
159
154
152
155
160
155
160
148
142
138
151
148
159
150
143
144
147
141
136
137
144
141
154
153
146
149
143
145
144
139
145
140
152
152
160
148
140
141
140
139
138
135
139
137
133
134
140
135
129
127
126
126
115
126
123
122
131
131
133
130
130
126
115
129
128
130
128
126
125
124
127
125
135
129
126
124
121
123
117
118
118
121
129
129
131
127
130
133
122
123
125
127
131
137
142
139
141
143
123
129
136
135
136
142
133
126
130
126
126
131
141
136
119
119
109
124
125
129
125
131
137
135
116
121
118
129
126
129
138
134
135
132
124
120
126
137
135
135
130
129
129
124
135
129
134
142
148
135
135
129
131
132
132
136
132
133
140
133
131
129
128
129
132
132
133
126
136
125
132
127
127
126
138
133
135
127
130
128
124
127
125
126
140
136
134
128
134
123
121
129
131
126
134
136
129
139
132
126
124
130
133
128
127
139
127
136
135
115
130
141
137
135
128
137
124
135
129
127
130
146
140
129
117
123
121
130
136
135
136
136
129
127
114
120
132
137
136
135
131
131
125
127
157
162
161
164
152
149
146
149
147
152
170
163
163
171
150
148
149
145
145
147
162
155
161
167
152
152
145
144
153
149
157
157
160
159
158
151
152
144
156
151
160
155
154
151
156
148
146
147
149
151
154
145
156
150
152
144
143
142
144
142
160
150
154
155
147
148
141
134
138
137
162
147
159
154
139
138
141
135
133
129
162
141
152
141
131
137
130
126
128
130
148
146
146
131
127
126
132
136
134
132
145
136
135
136
142
137
142
126
126
124
140
144
142
141
144
137
145
128
136
133
139
140
147
144
134
137
151
135
143
140
144
139
140
141
143
137
148
131
139
141
141
140
149
136
133
133
134
137
140
143
140
140
147
142
144
128
140
139
146
140
139
125
138
151
148
137
139
143
130
130
129
129
138
154
141
133
133
133
139
128
135
124
134
140
134
136
138
137
122
116
137
127
141
141
139
133
131
125
123
118
164
168
162
167
157
150
148
152
151
156
169
172
154
163
164
163
156
161
153
148
169
164
166
164
172
161
160
160
160
151
176
155
162
162
165
158
162
159
158
152
175
162
166
157
164
158
155
150
153
151
171
168
163
153
160
156
156
144
149
147
167
174
162
159
156
150
153
143
141
147
170
167
163
154
154
150
146
144
147
148
174
167
167
152
144
143
143
143
149
150
174
149
149
143
140
141
147
147
144
142
123
136
124
120
125
127
131
129
125
130
110
126
132
131
129
135
134
132
126
126
120
129
130
132
139
131
128
125
128
127
129
129
127
128
128
130
127
130
133
130
124
117
126
129
137
131
129
131
125
134
122
128
135
142
139
124
119
131
138
135
130
138
122
121
133
125
125
127
129
123
117
119
121
126
122
126
124
121
119
115
124
120
123
130
125
122
120
121
118
117
129
127
126
128
123
118
121
128
128
127
150
152
140
144
139
139
126
127
132
137
149
145
137
140
126
133
123
122
127
135
143
133
127
136
122
139
130
118
128
136
139
126
126
121
123
140
125
116
122
131
140
140
131
111
119
129
131
113
129
131
135
134
132
116
129
135
130
122
126
128
135
138
133
137
132
132
131
123
133
139
135
127
135
135
127
131
129
130
134
141
127
115
129
132
118
124
128
123
128
124
109
103
130
123
119
120
116
118
115
119
137
137
138
116
103
126
153
131
111
115
135
142
140
119
102
123
147
130
110
119
120
144
137
125
110
126
142
134
111
123
109
136
124
128
112
121
135
127
107
128
115
128
122
129
113
113
123
127
109
122
129
119
114
128
116
118
116
117
111
117
135
110
111
128
127
114
119
122
123
127
136
107
109
128
131
118
121
133
130
133
131
111
99
122
132
122
123
129
135
133
126
112
108
123
128
122
121
127
133
132
131
127
128
120
129
130
122
122
126
126
139
135
135
129
129
122
130
134
134
131
144
130
123
138
143
139
132
136
130
130
135
145
138
141
143
133
139
139
141
132
130
142
139
128
126
131
137
143
140
133
126
125
125
118
128
134
138
136
131
124
123
127
142
142
143
139
126
125
125
125
137
146
144
137
130
126
132
124
130
126
141
135
133
134
132
125
125
126
124
121
141
143
134
129
129
124
121
120
123
120
139
137
136
133
132
135
138
137
141
138
141
141
139
139
134
149
146
136
142
143
125
138
144
148
136
146
147
139
145
146
132
140
137
137
136
150
148
140
138
140
146
138
141
143
138
144
149
137
134
140
144
136
152
146
140
148
148
135
134
145
162
154
162
152
145
153
154
140
144
142
154
149
156
155
149
151
152
140
141
148
147
145
153
156
142
140
146
143
146
150
156
140
154
152
146
148
150
149
149
148
148
147
131
127
136
142
140
134
136
135
130
142
129
129
135
147
141
136
129
135
138
139
134
139
136
133
126
129
130
140
148
151
134
125
129
136
133
132
133
136
131
147
143
142
141
143
138
134
139
142
129
139
159
148
145
140
133
139
138
145
132
137
140
144
135
134
124
135
138
133
122
122
119
133
135
133
130
121
125
127
125
127
133
140
127
120
119
121
123
123
143
130
125
127
119
115
116
119
120
119
135
131
139
129
128
135
141
131
129
130
145
132
128
127
139
150
144
126
124
127
147
139
129
124
132
148
135
128
122
131
142
143
125
118
121
149
139
128
128
127
136
142
128
127
134
148
138
124
121
128
145
150
144
132
134
138
126
120
129
131
148
140
136
125
134
137
128
130
131
134
134
130
136
140
140
138
131
130
137
141
123
130
140
144
138
131
124
131
144
150
124
127
133
128
127
127
134
144
144
143
