0.00031179 0.00030251 0.00030476 0.00031082 0.00025783 0.00031575
 0.00031949 0.00028236 0.00028472 0.00029605 0.0003081  0.00028344
 0.00028025 0.00031184 0.00030707 0.00026306 0.00035616 0.00035033
 0.00030557 0.00033111 0.00034059 0.00028563 0.00032405 0.00025581
 0.00029331 0.00027453 0.00028763 0.00026033 0.00030143 0.0002865
 0.00025982 0.00026921 0.00033084 0.00025887 0.00031023 0.0003049
 0.00031754 0.00029585 0.00032443 0.0002868  0.00024781 0.00037097
 0.00036073 0.0002567  0.00032576 0.00025096 0.00033498 0.00029285
 0.00027736 0.00025642 0.00029755 0.00028887 0.00029054 0.00034796
 0.0002731  0.0003207  0.00033846 0.00026014 0.00028754 0.00030075
 0.00020929 0.00036722 0.0003331  0.00024715 0.00030652 0.00026057
 0.00030469 0.00027744 0.00020277 0.0003167  0.00035223 0.00020262
 0.00025176 0.00031887 0.00019961 0.0002674  0.00026047 0.0003341
 0.00026834 0.00029591 0.00026842 0.00028937 0.00030833 0.0002709
 0.00026448 0.00026546 0.00024111 0.00030686 0.00026927 0.00027721
 0.00028229 0.0003011  0.00031154 0.0002984  0.00026765 0.00027991
 0.00030323 0.00029541 0.00025021 0.00029202 0.00029919 0.00030425
 0.0002606  0.00029523 0.00031715 0.00025535 0.00025878 0.00026408
 0.00028941 0.00027095 0.00030451 0.00028145 0.00028476 0.00026781
 0.00031611 0.00033169 0.00028734 0.00026986 0.00035289 0.00027151