0.00075769 0.00079562 0.00092824 0.00098754 0.00079163 0.00092319
 0.00093364 0.00078948 0.00107005 0.00081234 0.00125128 0.0009649
 0.00082696 0.00095341 0.00081204 0.00091199 0.00105513 0.00107127
 0.00103092 0.00107979 0.00050393 0.00109458 0.00091898 0.0009645
 0.00094894 0.00095713 0.0005215  0.00087476 0.00097752 0.0009427
 0.00109387 0.00081601 0.00095679 0.00100729 0.000859   0.00101772
 0.00078615 0.00088034 0.00100895 0.00078749 0.00087914 0.00093621
 0.00091669 0.00098479 0.00103276 0.00096953 0.00098989 0.00080288
 0.00089028 0.00076298 0.00095283 0.00086482 0.00087203 0.0007913
 0.00078258 0.00089872 0.00096401 0.0009082  0.00093604 0.00101846
 0.00081334 0.00085878 0.00094343 0.00092903 0.00117184 0.00090156
 0.00106942 0.00078435 0.0010211  0.00094019 0.00122332 0.00081475
 0.00104778 0.00080534 0.00098791 0.00086652 0.00100189 0.00052827
 0.00055224 0.00089099 0.00052933 0.00093004 0.00102701 0.00088442
 0.00079712 0.00097017 0.0008853  0.00086267 0.00095829 0.00081745
 0.00083149 0.00100183 0.00051797 0.00091548 0.00104053 0.00087141
 0.00084972 0.00084453 0.00098474 0.00094103 0.0008369  0.00075665
 0.00102434 0.00088217 0.00135269 0.00054764 0.00090789 0.00097384
 0.00108197 0.00086874 0.00092114 0.00137642 0.00105506 0.00101536
 0.00103366 0.00082186 0.00052344 0.00087496 0.00097698 0.00093451
 0.0009404  0.00089756 0.00098885 0.00089998 0.0008042  0.00104819
 0.00091471 0.00083107