0.00023355 0.00019281 0.00022611 0.00021058 0.00021746 0.00018851
 0.00015575 0.0001632  0.00018323 0.00021797 0.00022234 0.00018967
 0.000207   0.0002071  0.00017745 0.00018933 0.00020101 0.00016359
 0.00014705 0.00018864 0.00016051 0.00020931 0.00018675 0.00017508
 0.00019491 0.00016395 0.00024445 0.00021712 0.0001732  0.0002394
 0.00017703 0.00018678 0.00017448 0.00017366 0.00024393 0.00019444
 0.00020727 0.00017675 0.000197   0.00016459 0.00016405 0.00019052
 0.00017634 0.00024786 0.00019798 0.00018976 0.00021496 0.000192
 0.00022346 0.00020187 0.00015408 0.00021783 0.00016858 0.00021242
 0.00018063 0.00018528 0.00017614 0.0001851  0.0002051  0.00022202
 0.00017919 0.00024329 0.00020892 0.00018066 0.00017815 0.00016332
 0.00020527 0.00033401 0.00019026 0.00017913 0.00024315 0.00018299
 0.00018119 0.0002136  0.00024672 0.00031436 0.00011962 0.00017174
 0.00019018 0.00016774 0.0001733  0.00021293 0.00023663 0.00018203
 0.00024007 0.00021672 0.00021153 0.0002109  0.00021153 0.0002174
 0.00019234 0.00017819 0.00016331 0.00011848 0.00017257 0.00022082
 0.00020266 0.00018973 0.00020642 0.00025337 0.00017689 0.00018002
 0.00022591 0.00012261 0.00025289 0.00018304 0.00025477 0.00015657
 0.0003355  0.00021593 0.00021181 0.00019638 0.0001924  0.00019637
 0.00019098 0.00021967 0.00017973 0.00023989 0.00017525 0.0001739
 0.00023757 0.00025531 0.00019888 0.00022101 0.00011845 0.00020769
 0.00018452 0.00022457 0.00018808 0.0002     0.00020719 0.00018795
 0.00023348 0.00022633 0.00022266 0.00018883 0.00022062 0.00019393
 0.00019747 0.00019489 0.00018953 0.00018978 0.00018347 0.00024777
 0.00020884 0.00018762 0.00017181 0.0002201  0.00017139 0.00012735
 0.00025145 0.00018763 0.00015794 0.00018341 0.00018894 0.00020404
 0.00019323 0.00020811 0.00021205 0.00018814 0.00019914 0.0002345
 0.00015497 0.00028127 0.00021714 0.00020648 0.00015634 0.00024316
 0.00017604 0.00022509 0.00025908 0.00017514 0.00014715 0.00017442
 0.00018746 0.00019096 0.00017176 0.000219   0.00021512 0.00017502
 0.00018641 0.00021718 0.00019969 0.00018559 0.00026707 0.00019912
 0.00019103 0.00017697 0.00017372 0.00023433 0.00018068 0.00013307
 0.00022585 0.0001761  0.00036093 0.00018871 0.0002199  0.00020753
 0.00019669 0.00018929 0.00028531 0.00019631 0.00016289 0.00022738
 0.00021205 0.00017731 0.00020407 0.00017333 0.0002117  0.00019952
 0.00018337 0.00017721 0.00019608 0.00021333 0.00016818 0.00021696
 0.00020153 0.0002389  0.0002017  0.00023166 0.00018274 0.00024182
 0.00019515 0.00021262 0.00018678 0.00017776 0.00013324 0.00020601
 0.0002242  0.00018902 0.00019168 0.00023607 0.00020107 0.00020553
 0.00023157 0.00017787 0.00020614 0.00021384 0.0002332  0.00018925
 0.00020194 0.00019034 0.00026643 0.00021791 0.0001667  0.00016207
 0.0001673  0.00020825 0.0001968  0.00023508 0.00011508 0.00018252
 0.00012268 0.00025258 0.00013692 0.00018933