113
114
121
122
114
125
120
123
129
120
119
121
132
136
135
136
98
93
97
83
136
138
126
130
128
127
141
134
134
138
125
130
135
135
131
139
138
137
138
140
113
120
112
116
150
149
154
150
118
115
111
102
123
121
121
123
125
126
129
128
114
121
112
115
145
142
137
140
130
131
133
136
130
129
129
122
136
139
134
136
123
122
126
129
134
145
142
151
137
124
137
130
130
134
136
134
142
130
139
133
142
140
142
142
127
123
121
118
134
133
124
129
128
125
128
126
130
119
112
107
125
120
129
123
119
114
112
115
125
124
127
131
126
130
128
127
106
103
95
106
132
133
133
130
140
141
143
139
134
138
137
133
133
132
139
146
126
122
125
123
135
137
132
126
123
116
123
123
134
134
128
124
104
108
95
97
117
120
125
127
132
129
129
127
116
120
119
124
123
123
126
130
118
117
128
132
117
105
122
117
134
130
131
126
124
120
120
105
123
116
125
123
128
132
136
136
141
139
138
141
122
125
124
132
140
142
140
147
133
132
131
133
120
118
116
118
111
109
110
111
133
126
131
117
117
121
116
114
131
136
130
133
127
129
131
122
135
131
139
132
133
121
124
119
133
124
126
122
120
125
118
130
133
147
134
143
135
130
131
125
119
116
133
126
140
129
132
127
124
124
115
114
133
131
132
123
126
130
124
124
125
127
112
114
104
103
97
100
128
134
126
128
137
135
138
141
144
142
140
141
138
137
141
140
121
117
117
122
119
109
126
121
137
135
138
140
131
129
134
133
115
124
113
119
134
138
129
126
117
124
127
120
124
126
142
140
133
132
139
137
132
129
128
120
123
127
136
139
139
133
140
137
88
94
90
95
132
141
143
142
135
134
141
135
129
127
133
138
129
123
115
114
103
114
103
113
117
116
102
110
138
137
135
130
128
133
134
130
124
125
119
127
87
102
95
100
123
114
122
118
122
126
122
127
127
120
112
116
146
139
138
140
131
118
132
121
134
136
140
145
120
132
115
120
124
121
122
114
152
149
145
141
142
144
140
147
123
128
125
126
131
134
133
134
136
135
140
141
118
116
122
119
119
121
123
120
122
126
126
120
136
129
130
126
113
114
113
99
126
125
124
125
139
134
132
135
102
108
98
109
124
129
121
127
121
129
111
126
129
129
138
131
123
122
115
118
144
141
141
141
134
142
142
143
126
123
118
112
118
125
138
134
105
115
112
112
139
134
138
144
123
124
124
119
133
131
138
140
111
123
125
122
137
137
133
129
139
138
141
139
117
127
110
118
138
135
125
128
138
143
136
138
142
148
138
140
132
129
127
126
129
123
124
117
126
123
127
126
121
125
125
135
125
123
130
129
95
106
99
106
127
134
126
131
130
129
123
120
147
148
146
145
125
126
124
124
132
125
120
119
132
132
129
124
129
127
120
123
143
145
149
146
115
122
120
126
121
120
122
129
126
132
104
121
115
123
122
131
138
138
140
138
128
126
126
122
132
127
138
142
127
131
130
127
135
133
134
131
137
138
141
142
126
132
129
130
138
132
135
137
115
119
125
135
131
132
127
125
135
133
138
137
128
131
123
126
133
132
139
136
138
132
138
135
122
127
121
124
122
127
117
124
144
134
136
134
138
135
138
135
131
129
126
132
120
106
128
113
127
123
140
139
133
136
144
139
126
129
123
131
121
121
131
120
124
118
119
115
144
144
141
138
130
127
122
122
116
110
112
106
133
137
132
140
92
88
90
88
131
122
132
121
127
130
132
127
119
126
131
133
146
144
141
140
131
118
131
126
147
140
141
133
125
120
129
130
122
132
111
129
122
125
125
128
128
129
128
121
125
119
117
115
140
132
143
134
133
131
129
136
127
126
142
133
146
140
140
133
130
127
127
128
111
116
107
113
131
123
134
124
133
137
125
124
142
134
143
139
136
128
137
135
131
138
135
142
118
122
130
137
111
112
115
117
124
119
121
127
124
128
125
129
114
119
118
113
116
120
121
125
126
123
129
127
108
110
95
101
141
137
138
142
118
125
117
121
126
125
129
128
133
125
129
124
100
101
100
103
141
140
142
140
139
148
140
148
131
129
132
133
128
135
137
137
103
116
106
109
141
133
138
133
110
112
99
103
131
134
137
137
123
140
132
136
132
132
132
127
135
131
139
132
117
123
125
124
134
145
145
144
116
124
123
129
132
133
142
135
138
139
126
132
117
123
119
125
136
137
133
139
129
128
135
136
125
130
113
121
131
133
131
123
133
136
134
136
128
135
133
129
104
108
96
113
131
120
122
117
92
89
100
102
118
115
111
112
88
88
87
82
133
144
125
122
