111
101
178
74
168
68
54
73
134
57
64
215
179
67
147
185
80
199
53
225
255
98
57
58
255
77
125
145
183
133
78
223
141
233
198
157
144
115
73
242
37
159
28
34
222
57
19
160
103
147
148
192
52
34
239
16
205
71
181
142
9
151
16
240
46
204
156
208
84
223
123
39
91
131
214
31
188
181
175
214
242
238
25
171
52
185
61
45
112
255
231
155
63
254
209
173
204
142
152
101
60
43
97
159
123
37
57
236
174
92
141
123
48
36
54
86
161
104
32
149
28
155
158
38
97
223
40
197
89
213
173
41
189
226
164
110
207
50
171
19
23
44
218
98
127
246
166
192
24
82
133
58
121
223
104
88
45
25
218
113
210
34
242
42
188
36
183
163
182
105
123
138
229
204
48
59
93
81
109
250
191
223
216
44
79
225
126
130
67
86
149
40
229
175
165
164
98
183
131
201
109
117
55
216
132
91
97
196
110
183
242
228
100
233
228
153
91
163
144
225
192
61
74
255
28
159
18
248
219
249
11
196
182
121
227
147
113
203
156
102
84
84
165
247
46
71
33
230
169
117
30
18
174
142
14
229
45
76
249
176
68
181
234
191
72
250
110
226
29
12
73
214
159
166
255
96
50
112
133
204
84
159
40
187
24
229
61
107
153
190
192
206
125
88
36
1
13
204
101
118
56
65
133
110
255
196
111
74
209
82
187
39
184
112
59
143
124
76
55
103
111
201
191
135
56
54
150
162
192
212
208
162
54
123
169
85
193
98
128
49
200
59
174
216
25
229
116
144
209
65
89
38
185
46
119
161
137
69
106
168
31
147
146
52
168
228
208
152
32
202
185
108
53
84
141
163
133
50
24
162
53
97
168
199
211
171
253
45
142
171
79
204
252
195
208
227
79
194
140
229
6
94
169
84
163
59
76
10
9
67
34
170
242
59
233
246
85
42
162
255
102
182
229
122
71
71
164
15
198
149
185
32
187
82
150
110
46
135
135
74
46
142
26
60
10
198
173
225
177
215
