138
142
132
114
136
118
116
140
127
144
129
127
141
127
127
122
116
129
125
127
109
136
144
122
128
120
105
114
131
127
134
129
135
130
113
132
140
145
155
136
119
134
128
130
140
137
120
137
136
127
140
127
124
119
152
136
149
135
124
137
128
113
126
110
126
118
137
119
117
126
115
142
130
135
125
131
130
108
115
131
103
135
124
136
133
112
148
136
128
140
136
132
96
124
101
141
138
131
133
128
152
145
127
128
116
116
150
129
124
139
129
113
146
132
123
136
108
143
117
144
137
132
126
122
138
126
125
139
