0.00094276 0.00139368 0.00145796 0.00111318 0.00122447 0.00107649
 0.00104367 0.00073335 0.00145432 0.00105257 0.00079865 0.00127542
 0.00096433 0.00137729 0.0007479  0.00072989 0.00121377 0.00136
 0.00125319 0.00104921 0.00077292 0.00131355 0.00123237 0.00139534
 0.00102217 0.00134964 0.00095664 0.00116114 0.00152867 0.00124912
 0.00099385 0.00126475 0.00118899 0.00108374 0.00098102 0.00129582
 0.00075649 0.00125132 0.00115738 0.0011377  0.00152416 0.00108699
 0.00125998 0.00113267 0.0012595  0.00128157 0.00116613 0.00128566
 0.00119016 0.00144593 0.00129897 0.001121   0.00124265 0.00132908
 0.0013262  0.00109441 0.00168254 0.00121066 0.00116982 0.00108274
 0.00103341 0.00125578 0.00123714 0.00115571 0.00118055 0.00105186
 0.00119674 0.00133291 0.00105371 0.00127623 0.00099856 0.00118588
 0.0012349  0.00119971 0.00147991 0.00132907 0.00102532 0.00133404
 0.00130313 0.00104614 0.00108813 0.00133274 0.00112198 0.00114862