0.00021034 0.00024095 0.00027219 0.0002395  0.00027493 0.00023828
 0.00029641 0.000231   0.00023734 0.00025366 0.00024181 0.0002459
 0.00030327 0.00034308 0.00021317 0.0002785  0.00027896 0.000262
 0.00028231 0.00027227 0.0002768  0.00025231 0.0002808  0.0002859
 0.00023432 0.00025264 0.00029698 0.00028573 0.00024318 0.00025756
 0.00032508 0.0002146  0.00025654 0.00025852 0.00022616 0.00027117
 0.00024954 0.00021941 0.00030548 0.00022998 0.00022437 0.00029262
 0.00026099 0.00032947 0.00029035 0.00025171 0.00028499 0.00026929
 0.00032254 0.0002933  0.00023319 0.00023602 0.00023958 0.00027834
 0.0002819  0.00027508 0.0002472  0.00026982 0.0002411  0.00025049
 0.00031023 0.00025331 0.00031188 0.00030102