0.00032667 0.00004692 0.00004888 0.00004981 0.00004693 0.00004692
 0.00004693 0.00030236 0.00004693 0.00005069 0.00004692 0.00036819
 0.00004996 0.00004869 0.00030817 0.00037057 0.00004961 0.00005066
 0.00004691 0.00005433 0.00033239 0.00032606 0.00005256 0.00004887
 0.0002669  0.0002989  0.00031969 0.00026987 0.00004948 0.00004887
 0.0003469  0.0002877  0.00032695 0.00004987 0.00005245 0.00005135
 0.00004887 0.00004886 0.00023715 0.00004885 0.00005118 0.00004953
 0.00029836 0.0004053  0.00034758 0.00005181 0.00004878 0.00004692
 0.00005017 0.00005028 0.00005001 0.0000495  0.00004692 0.00004907
 0.00033827 0.00004957 0.00005172 0.00005617 0.0002454  0.00004693
 0.00004857 0.00005271 0.0000528  0.00029724 0.00004936 0.00024951
 0.00004909 0.00032529 0.00005019 0.00004693 0.00029842 0.00033063
 0.00035806 0.00004691 0.00004693 0.00004693 0.00004944 0.000051
 0.00004886 0.00004887 0.00026251 0.00005254 0.00004871 0.00036242