0.00072861 0.00089569 0.0007282  0.00093948 0.00079523 0.00089449
 0.00076904 0.00072868 0.00084705 0.00089945 0.00082974 0.00090522
 0.00091454 0.00087968 0.00072788 0.00072994 0.00072737 0.0007575
 0.00087894 0.00072678 0.00095373 0.00083477 0.00072763 0.00079393
 0.0008792  0.00101043 0.00078134 0.00092911 0.00084394 0.00080645
 0.00092109 0.00072871 0.00072183 0.00072442 0.00085031 0.00082225
 0.00112764 0.00072722 0.00072319 0.00089381 0.00083078 0.00090943
 0.00072582 0.00080025 0.00076332 0.00091142 0.00072823 0.00079001
 0.00072432 0.00080669 0.00089081 0.00091001 0.00072792 0.00086556
 0.00089441 0.00072265 0.00092271 0.00117549 0.00072876 0.00094684
 0.00086098 0.00072342 0.00077367 0.00084813 0.00087597 0.00082882
 0.00088238 0.00072617 0.00090652 0.00071813 0.00081115 0.00072395
 0.00103799 0.00072626 0.00088364 0.00072672 0.0008271  0.00088515
 0.00084112 0.00094755 0.00082498 0.00082694 0.00085823 0.00076142
 0.00072755 0.00084284 0.00097669 0.00092714 0.00091524 0.00081116
 0.00093141 0.00090673 0.00078547 0.00084416 0.00072301 0.00077679
 0.000797   0.00090044 0.00078019 0.00090475 0.00089962 0.00072874
 0.00079585 0.00072619 0.00074534 0.00073612 0.00090307 0.00072737
 0.00091075 0.00091794 0.00072492 0.00072847 0.00087542 0.00088129
 0.00072452 0.00087727 0.00088204 0.00090184 0.000845   0.00085913