103
104
103
102
100
96
97
98
97
98
96
95
94
94
93
94
97
97
97
97
92
92
91
92
94
92
93
93
91
90
91
91
92
94
93
97
98
97
96
95
137
140
143
145
144
151
151
148
145
147
146
145
143
145
144
142
141
146
150
150
152
151
153
150
145
152
154
155
155
159
156
153
153
152
159
157
160
158
161
158
106
106
106
107
108
104
105
105
106
106
102
100
99
96
95
92
94
95
95
96
96
96
95
97
98
95
96
96
96
94
94
93
93
94
95
95
94
95
94
95
130
129
132
132
133
136
139
138
138
137
142
143
139
142
139
139
134
136
137
137
134
139
138
137
138
137
138
137
137
135
133
130
131
129
130
128
129
131
133
132
147
144
145
144
145
145
146
148
150
150
153
152
152
150
149
148
146
148
146
147
151
149
151
153
155
153
154
154
153
150
149
145
147
145
145
141
141
143
140
139
136
136
137
139
140
146
147
150
150
150
157
156
156
153
152
148
144
144
145
147
146
146
147
147
147
150
146
150
150
147
149
145
144
145
144
144
144
146
147
147
169
171
172
173
174
178
178
178
178
178
184
181
182
180
179
182
182
184
183
185
186
185
185
185
186
187
186
184
185
183
185
181
179
178
177
175
176
177
178
178
102
103
103
103
104
103
106
105
104
101
95
92
93
93
96
93
95
96
96
96
96
97
99
97
95
92
90
91
89
90
89
92
93
94
99
97
97
97
98
97
140
141
142
141
142
146
146
144
144
143
142
140
137
140
138
139
142
147
146
149
148
148
145
145
146
150
153
150
151
151
148
148
148
151
156
158
158
158
157
153
125
126
129
129
130
138
141
137
136
135
134
132
131
130
130
129
130
131
133
135
137
141
141
139
137
142
141
143
140
141
140
141
141
140
144
143
145
146
147
148
154
154
154
155
158
155
157
154
153
153
151
150
152
154
152
155
155
156
155
156
156
157
155
159
158
151
151
147
146
148
143
143
141
143
140
136
135
135
136
136
160
161
160
163
165
168
167
169
168
167
167
165
165
161
159
162
163
164
166
169
171
173
174
173
174
171
171
171
169
170
171
165
163
162
160
157
157
158
161
159
145
146
147
147
148
148
148
146
145
145
145
145
146
149
147
146
148
150
148
150
150
150
150
151
150
148
146
144
146
146
142
142
142
142
141
136
136
136
136
134
143
140
144
143
144
146
150
151
149
152
151
151
148
149
146
146
144
149
148
150
150
149
151
148
150
145
146
144
142
140
136
135
136
134
138
131
133
131
133
131
98
99
101
100
101
100
99
100
98
98
97
95
93
95
94
94
95
97
96
96
93
93
93
92
91
94
93
94
94
93
96
96
96
98
99
103
105
108
108
108
114
115
113
114
116
115
113
111
113
110
112
113
117
117
118
117
117
115
114
115
113
114
114
114
112
113
112
111
114
116
120
121
121
122
118
121
120
120
121
121
87
87
86
87
89
84
86
86
88
87
93
93
96
93
92
85
84
82
79
82
78
81
80
81
79
80
82
85
86
87
88
86
86
86
86
90
90
92
95
97
129
127
128
126
126
134
134
134
133
134
136
135
136
134
135
135
132
134
132
131
133
133
135
135
135
141
138
137
137
136
137
139
140
140
140
141
140
141
141
140
138
137
137
135
133
134
135
135
134
136
135
138
136
137
139
140
140
140
143
139
139
136
136
139
140
143
145
147
145
147
148
149
149
149
151
152
153
150
147
147
104
104
104
106
104
104
101
103
101
101
99
100
100
97
95
95
96
95
97
98
100
97
98
98
98
100
99
101
103
102
107
105
106
103
102
108
108
110
110
109
143
141
138
139
140
146
148
148
150
151
157
156
156
156
154
153
148
146
142
142
146
150
150
153
154
155
153
152
152
151
155
154
152
149
149
147
145
143
142
141
134
133
132
131
131
136
138
138
138
139
139
136
135
137
137
137
135
136
134
132
135
134
136
135
139
143
140
139
138
136
139
141
142
141
141
145
143
142
140
139
112
111
109
107
106
98
98
101
102
104
102
102
105
102
101
105
104
102
101
102
99
100
98
101
100
98
95
100
100
98
99
100
99
97
96
101
99
103
100
100
135
135
133
133
133
134
133
134
136
134
128
124
125
121
125
130
136
135
136
135
137
136
138
142
146
143
139
136
134
132
135
138
139
140
138
138
135
136
133
135
133
131
132
133
132
135
135
135
136
135
141
145
147
145
146
142
141
136
136
137
137
137
136
136
136
140
142
145
146
146
147
147
147
143
143
142
142
143
144
146
139
137
138
140
140
138
137
139
139
136
142
145
146
142
143
143
141
139
140
142
141
140
138
140
137
135
134
134
134
130
130
128
127
127
124
121
124
124
124
125
133
132
132
131
131
132
131
133
133
133
133
133
132
132
133
135
135
134
136
133
135
133
132
133
133
132
133
131
131
131
131
132
132
133
133
134
133
133
133
133
140
141
141
142
141
146
143
141
140
141
140
138
141
143
144
145
147
150
150
150
153
153
151
152
151
153
150
149
151
152
151
152
155
156
158
154
152
152
151
151
127
128
129
129
130
137
136
138
137
137
140
140
140
138
137
132
132
130
130
132
132
134
136
135
135
135
136
135
136
136
137
139
134
134
134
132
133
135
135
136
142
143
143
144
145
137
138
136
136
138
136
136
136
137
135
138
138
138
138
139
140
138
143
139
141
136
137
135
134
138
135
134
133
129
127
126
127
124
129
129
116
118
119
122
123
131
128
127
128
126
131
130
131
131
130
128
127
128
127
127
128
130
129
129
131
137
136
138
140
140
149
145
146
147
146
150
148
150
148
151
94
92
92
90
91
89
92
93
94
94
87
85
82
86
85
86
83
84
83
80
79
81
83
85
86
81
82
80
79
78
82
83
86
86
88
89
88
86
87
87
110
111
108
108
107
106
104
106
105
106
106
106
109
108
109
106
106
106
103
102
102
104
103
103
104
106
108
108
107
109
110
113
113
111
112
111
112
109
111
109
114
114
116
115
116
111
111
111
112
111
114
114
115
113
114
112
112
112
111
112
110
109
110
110
110
108
111
113
113
115
113
115
113
111
111
112
112
113
114
116
128
126
127
126
126
138
138
139
139
139
139
139
139
137
139
135
133
133
134
133
134
137
137
138
137
142
140
141
142
139
138
139
139
139
142
139
141
142
140
140
137
136
134
132
130
131
130
132
133
135
137
137
136
136
136
139
140
139
138
137
140
138
139
140
138
139
139
141
139
140
140
141
142
141
141
139
139
136
137
135
110
110
111
112
114
121
118
116
114
115
124
129
131
132
133
129
127
125
125
124
128
128
130
128
125
132
139
142
148
153
156
155
153
151
151
150
150
150
152
152
104
103
103
102
103
103
103
103
102
101
97
97
100
100
100
99
98
98
94
93
97
94
98
98
97
99
99
99
99
101
104
106
110
107
106
109
107
106
106
107
109
108
108
108
107
103
103
104
102
101
100
101
101
99
101
96
98
98
99
102
101
99
96
98
95
97
97
98
96
94
96
96
97
99
97
99
99
99
100
99
152
149
150
149
148
151
150
149
150
150
145
145
146
149
148
151
148
149
148
145
151
151
150
151
152
149
145
145
146
145
146
146
148
147
144
138
136
135
135
134
132
132
133
133
133
141
142
145
145
147
146
144
140
139
138
134
131
135
133
131
133
136
138
139
141
144
145
145
143
144
141
140
139
140
144
141
141
139
140
138
124
124
125
127
126
135
136
137
135
134
138
138
134
135
137
131
130
132
136
135
132
135
135
134
134
135
132
131
132
128
129
127
129
132
136
135
138
138
139
139
107
108
109
109
106
102
102
100
99
101
97
97
98
100
98
98
100
100
101
101
98
95
95
96
93
94
93
95
96
97
93
95
94
94
98
101
102
102
104
101
145
142
144
144
144
153
157
158
159
160
158
158
156
154
151
146
145
144
143
146
149
151
154
154
156
156
153
152
153
149
147
147
145
143
145
140
140
140
140
140
147
147
149
146
146
150
148
147
146
148
153
154
154
155
154
154
152
153
153
153
154
153
151
150
151
154
155
153
155
153
155
153
152
152
151
153
151
152
150
150
132
130
128
126
125
125
126
129
130
132
142
146
148
148
150
149
146
140
141
139
140
135
140
139
139
139
142
147
148
149
152
155
153
153
154
153
153
149
149
151
110
107
108
109
107
108
110
111
111
112
109
109
106
104
105
104
102
104
106
106
102
103
104
103
103
102
103
102
102
99
99
97
100
101
104
106
106
106
106
105
135
133
136
136
136
134
135
133
132
131
136
135
136
139
138
140
140
140
138
138
137
136
136
137
136
133
133
131
129
130
132
132
135
132
134
133
132
131
131
132
114
112
111
111
110
106
107
109
107
109
107
107
108
106
105
105
105
107
104
105
105
104
105
104
104
100
99
100
98
97
98
98
100
99
99
100
99
98
100
98
136
135
135
136
135
135
135
134
134
134
135
137
135
135
134
135
133
134
134
134
134
134
132
131
133
134
131
133
133
131
133
132
131
127
127
131
133
134
135
132
145
144
142
142
139
137
137
138
139
140
141
143
142
143
144
145
145
143
143
138
137
137
135
139
140
136
137
137
136
137
133
134
131
132
132
131
130
128
126
126
149
150
150
148
146
140
138
138
135
138
135
140
143
146
149
152
151
148
147
146
148
144
147
143
143
137
137
139
139
144
139
141
139
136
135
129
131
127
129
129
114
114
114
114
115
113
114
113
116
116
115
114
115
113
110
110
112
109
111
110
107
109
110
113
116
112
113
111
113
113
114
114
113
112
110
111
108
109
110
108
130
129
128
129
130
138
137
139
140
139
138
136
137
137
137
133
133
135
132
133
135
136
135
137
140
141
140
138
139
137
138
138
140
141
142
141
139
137
137
136
157
158
160
157
157
148
146
145
144
146
145
146
147
148
148
156
157
157
156
155
152
150
148
146
149
142
142
139
142
142
136
137
135
133
129
129
128
129
130
129
108
106
108
110
109
112
113
114
113
113
114
114
112
112
113
107
105
106
107
107
106
108
110
108
108
109
110
109
108
108
109
108
108
110
113
113
113
114
114
116
141
144
143
144
144
151
152
151
150
153
147
142
142
142
141
141
144
147
147
147
150
151
153
151
154
157
157
154
153
155
150
151
151
152
153
153
152
151
155
151
111
114
118
118
121
128
125
124
123
123
129
125
125
123
121
124
122
128
129
129
126
130
127
126
128
134
133
133
132
131
137
139
138
139
140
144
145
149
150
153
119
119
119
120
118
116
116
115
117
118
117
117
119
118
118
117
117
115
116
114
115
114
116
114
114
114
115
115
116
117
116
116
117
115
114
115
114
116
116
117
157
156
155
153
152
155
152
152
150
153
159
163
166
167
166
170
168
167
165
164
168
165
165
165
165
167
169
170
171
172
170
172
170
168
165
164
163
162
161
162
133
134
138
141
145
145
146
147
147
146
146
146
144
143
142
140
139
139
141
145
145
145
147
147
145
143
144
145
144
143
137
135
133
134
133
128
130
131
134
137
96
96
97
98
98
99
100
100
99
99
98
97
98
97
97
91
90
93
91
92
89
94
93
91
91
92
92
94
90
91
89
92
91
93
95
94
98
97
98
100
127
128
130
132
131
131
131
129
126
125
129
131
132
133
134
131
132
131
131
132
130
131
130
128
126
129
128
130
130
132
132
131
134
130
130
131
133
133
135
136
144
144
144
144
145
148
151
151
151
149
149
146
146
145
146
150
152
154
154
156
156
158
158
158
158
158
155
155
153
152
152
150
154
154
157
152
153
154
152
152
140
139
139
137
136
138
138
139
141
146
146
145
143
142
139
141
144
146
145
145
144
142
146
147
151
152
154
152
151
152
153
153
152
152
154
153
151
152
150
147
127
128
129
130
132
145
145
145
143
142
148
146
145
147
145
140
139
139
141
141
143
145
146
146
146
149
148
148
150
146
149
149
150
151
154
150
150
150
148
150
143
145
146
147
149
142
147
144
141
143
144
144
144
143
143
143
142
143
145
150
146
145
146
143
142
140
142
139
135
137
134
134
132
134
133
133
135
132
140
138
104
103
105
104
107
107
109
107
107
107
107
106
106
107
104
101
101
102
102
103
102
101
101
102
101
101
101
101
104
102
105
104
105
106
105
109
108
111
110
110
138
135
132
133
133
134
136
141
143
143
140
138
135
131
132
136
138
136
136
137
138
138
140
142
143
141
139
137
134
129
133
132
133
133
133
133
132
132
130
132
102
103
102
104
105
104
104
101
103
100
101
99
102
100
99
93
96
93
95
96
92
96
94
93
96
95
96
90
91
90
93
93
92
95
93
96
95
97
98
97
170
172
169
169
169
172
171
169
168
168
161
161
161
163
166
170
173
173
175
174
179
181
179
177
180
180
178
174
174
175
172
172
173
174
175
171
170
168
168
165
91
91
93
92
94
93
94
94
93
92
93
92
91
91
90
87
87
86
87
86
85
84
85
85
82
82
83
83
83
83
84
85
84
86
86
88
90
91
91
93
145
146
146
147
147
143
144
146
146
146
147
142
140
139
138
143
146
148
151
153
147
147
147
146
145
141
138
137
134
131
126
125
123
126
127
127
128
130
131
131
110
111
110
109
110
106
105
103
103
102
100
103
103
105
105
107
107
108
108
106
105
104
106
103
102
102
104
104
106
108
110
110
111
111
110
114
114
113
114
113
133
132
135
137
138
157
158
160
159
158
158
154
152
150
149
142
138
141
143
144
147
150
154
155
154
162
160
159
160
156
154
151
151
153
154
153
155
154
155
155
123
123
122
121
122
119
119
120
121
122
119
115
118
116
115
115
117
116
115
117
118
116
116
118
118
118
118
117
119
118
117
116
116
116
115
117
116
116
117
115
133
132
133
134
132
139
139
138
138
138
140
141
141
142
142
138
137
137
136
136
136
137
137
138
137
139
138
138
138
139
137
138
138
138
141
141
142
140
140
139
125
126
127
128
129
135
135
135
136
133
132
132
131
130
133
129
132
130
132
131
136
135
138
137
136
136
137
139
140
141
141
140
140
142
144
144
146
144
142
145
138
138
139
137
136
139
140
139
137
139
143
143
144
145
144
145
147
146
149
149
146
145
143
140
139
142
139
142
142
140
137
137
140
140
142
143
143
143
143
142
136
137
138
135
137
137
137
133
135
137
136
138
136
138
136
137
137
144
146
144
145
147
144
142
145
143
147
145
147
148
146
144
144
146
146
145
145
145
146
141
136
138
139
140
143
136
135
132
133
133
142
141
143
143
141
142
140
139
139
143
141
138
136
136
133
134
138
137
140
141
145
142
140
138
135
139
139
141
142
142
135
132
132
131
130
131
133
134
135
135
138
138
139
137
138
139
135
133
133
135
135
132
132
133
132
135
136
134
135
133
133
131
132
134
133
134
133
133
131
131
154
154
153
153
155
168
165
168
170
167
170
168
168
167
167
167
165
164
163
165
169
171
171
174
174
177
176
176
179
175
176
173
173
174
176
173
172
171
168
169
132
134
132
133
135
137
136
136
139
139
145
142
143
141
136
139
141
138
136
140
142
140
141
144
141
145
148
148
149
150
153
150
149
146
143
146
145
148
149
149
103
101
101
101
100
96
95
95
96
95
87
87
86
85
85
86
90
90
91
90
89
87
89
90
90
87
84
84
82
81
82
86
88
88
88
91
90
90
87
90
143
143
142
141
142
140
138
139
139
138
143
145
144
145
144
145
144
144
144
146
147
143
140
139
137
139
139
141
141
138
142
139
138
137
138
138
139
139
139
137
136
136
136
132
131
127
128
129
131
136
140
141
139
141
139
141
142
141
140
141
137
137
138
137
138
138
142
141
143
142
137
137
136
137
141
138
138
136
137
135
147
147
145
144
143
139
141
141
142
145
140
140
141
141
140
142
143
144
145
145
145
145
143
142
147
141
139
139
136
133
130
134
134
134
135
128
127
127
123
125
141
139
139
139
141
149
151
152
155
155
153
151
147
146
144
144
143
146
147
147
149
150
151
155
157
160
160
159
156
156
158
156
156
156
159
157
158
157
155
153
156
154
153
153
152
160
159
161
161
156
157
155
153
153
154
153
155
158
158
161
166
165
163
164
164
170
167
165
162
160
161
160
162
164
165
164
167
166
163
163
133
135
136
138
139
142
141
143
141
141
141
140
140
137
137
135
136
135
135
136
137
139
142
140
140
141
140
138
140
140
142
142
140
139
136
135
135
136
135
138
133
131
130
129
128
134
131
132
133
132
135
138
141
142
143
140
143
138
137
136
138
137
135
138
138
136
138
139
142
143
141
141
141
142
140
138
135
136
133
132
149
147
148
145
145
145
146
147
146
147
150
150
149
149
150
155
152
154
154
151
153
150
150
150
149
150
151
151
149
148
146
148
146
146
149
148
147
146
145
146
149
147
150
149
149
152
152
153
152
153
152
152
151
150
149
150
148
149
151
152
156
154
155
156
153
154
154
157
157
159
157
155
153
150
152
151
152
152
152
152
106
106
106
107
106
109
112
113
112
113
110
110
110
109
109
105
104
105
104
101
99
102
105
104
106
104
102
102
102
101
102
103
103
103
104
102
103
103
105
104
163
163
160
160
159
167
167
166
167
165
170
175
176
175
180
178
178
174
171
172
175
176
175
173
174
180
180
180
178
182
182
183
183
181
181
180
179
175
174
173
158
156
155
152
152
154
157
156
159
162
162
162
161
161
160
164
159
158
159
158
162
164
164
162
163
163
163
162
166
165
161
160
157
156
157
156
155
154
153
151
133
135
136
138
139
147
146
146
144
142
136
134
133
132
133
133
135
135
138
140
142
143
145
146
144
144
140
141
141
143
143
141
141
141
141
141
142
143
144
145
137
134
134
133
132
127
125
127
127
128
131
135
136
135
137
140
140
137
134
134
133
128
130
133
133
130
128
129
129
128
130
132
133
131
128
130
127
128
124
126
138
137
137
136
134
131
128
130
130
131
139
142
144
144
146
150
151
150
149
145
141
137
139
137
137
133
137
139
141
143
139
142
140
140
141
139
139
139
139
138
136
136
137
137
137
142
139
136
135
134
133
136
137
138
140
137
138
136
138
140
146
144
143
143
139
145
146
147
147
150
152
152
152
150
148
150
151
151
151
150
111
111
112
112
110
101
101
102
102
100
100
103
105
103
106
107
106
104
105
104
102
101
100
100
100
97
96
100
101
102
101
102
104
102
102
103
103
103
103
106
156
155
153
152
153
150
149
149
150
151
153
155
154
157
155
161
162
160
159
161
161
161
160
160
161
160
160
161
162
165
165
164
162
161
158
162
159
157
158
157
120
119
118
118
118
113
111
111
112
110
108
104
107
107
106
107
109
109
107
108
108
106
106
107
104
105
104
102
103
102
102
101
103
102
100
102
103
104
104
102
120
121
118
118
117
109
107
105
106
107
104
103
107
106
104
101
104
103
103
105
105
104
101
103
103
101
102
103
104
104
102
102
99
99
99
103
103
104
101
99
112
111
112
111
110
105
107
109
109
110
110
112
110
108
109
106
103
103
105
105
103
101
103
104
101
101
101
104
101
101
102
100
101
99
101
102
104
104
104
106
126
129
131
132
133
136
136
135
136
136
138
133
132
131
127
127
128
130
130
134
133
130
132
134
129
136
137
135
134
136
139
137
136
135
133
137
139
138
143
143
103
104
105
104
104
103
105
105
106
107
106
104
103
101
99
98
96
99
95
96
97
100
101
100
102
106
107
108
108
106
110
108
108
108
107
112
113
111
114
111
136
135
134
134
135
135
137
138
139
140
139
139
141
138
139
139
138
138
137
137
137
136
138
139
142
143
142
142
139
138
141
141
141
142
141
140
138
137
136
135
133
135
137
136
136
138
137
136
134
137
144
145
144
145
144
140
137
140
141
141
142
138
139
137
135
144
148
150
150
152
152
151
150
149
151
154
157
155
156
159
120
121
118
118
118
117
117
117
119
117
111
111
112
111
110
109
113
112
112
112
113
114
114
114
117
114
115
117
114
115
114
114
114
115
114
112
113
112
110
108
109
108
107
107
107
106
107
108
109
109
110
110
111
110
112
111
109
107
106
104
103
106
110
110
111
109
108
106
108
109
109
111
112
112
111
112
110
110
111
112
145
143
143
145
145
150
151
151
148
149
155
158
156
158
160
156
152
152
152
151
155
154
156
154
155
155
157
155
153
151
148
147
148
148
150
140
143
139
141
142
132
131
132
133
134
144
147
149
151
151
152
150
146
146
144
140
136
136
137
135
138
143
146
146
146
150
150
147
149
146
145
143
144
142
145
143
142
143
144
145
106
106
107
108
107
110
113
114
113
116
114
113
111
109
108
103
102
102
103
102
100
101
105
103
106
108
111
109
107
108
108
109
108
108
112
110
111
110
112
112
120
122
125
127
128
139
140
135
130
132
129
130
129
129
132
125
126
128
131
132
136
137
140
135
134
139
140
139
140
145
145
145
145
145
146
146
148
147
150
150
120
123
124
124
126
141
140
139
139
139
147
145
146
145
144
140
141
142
140
142
140
141
140
141
140
147
147
148
148
148
153
152
154
154
156
155
155
155
156
155
136
136
135
137
136
131
130
132
131
131
135
137
136
134
135
137
139
135
138
141
137
134
134
134
134
135
136
135
133
134
140
138
136
137
135
139
140
141
142
143
129
130
131
130
133
136
137
135
136
137
134
135
132
132
133
134
134
136
136
136
137
138
139
142
141
140
141
142
141
145
145
147
146
144
148
146
145
145
145
146
129
129
129
131
131
135
134
136
135
134
137
137
135
133
134
136
136
135
137
137
137
135
135
137
135
139
138
138
139
138
135
135
137
136
134
137
138
140
140
142
