19
255
251
202
183
144
22
179
105
39
154
161
21
164
134
245
154
81
253
167
58
9
95
14
104
4
141
230
149
37
247
191
194
236
109
193
249
45
49
213
249
55
203
234
243
167
208
75
7
255
158
143
63
205
125
147
98
243
137
213
100
255
166
162
112
194
37
204
185
145
154
135
91
197
12
90
225
79
79
227
55
247
86
163
187
255
83
30
200
36
218
96
227
159
97
193
114
10
52
21
154
190
204
132
2
8
74
255
151
108
164
106
213
213
81
201
198
91
154
133
112
176
165
207
144
189
89
123
119
41
255
39
79
125
185
198
86
160
49
200
61
19
162
157
138
97
189
132
147
220
