26
27
26
27
24
27
26
27
26
26
27
27
24
26
26
26
27
24
25
25
26
26
25
29
28
30
31
31
30
30
27
29
30
28
26
27
23
23
25
21
22
22
22
21
22
20
23
21
19
22
18
22
19
19
19
17
26
27
27
26
27
28
25
26
28
28
27
27
25
27
26
27
26
26
32
30
35
40
41
38
28
27
27
31
33
32
30
27
26
26
27
30
23
23
22
24
24
21
23
22
22
22
23
21
22
22
21
19
19
22
19
20
27
27
26
28
27
28
26
27
28
28
28
27
28
27
28
28
37
44
42
45
41
39
37
33
34
33
32
28
33
32
34
31
29
26
25
27
26
26
26
25
23
24
22
23
22
21
22
21
23
22
21
20
22
18
21
21
28
26
27
27
28
27
26
28
27
30
30
27
28
29
30
42
51
46
42
35
37
40
35
37
36
40
44
40
44
44
37
33
30
28
30
30
24
25
27
29
26
24
23
24
24
21
24
21
23
21
22
22
21
20
21
18
28
30
27
28
28
30
27
28
28
29
29
28
27
34
52
54
45
48
45
50
46
47
43
41
42
41
42
45
46
41
42
38
37
30
31
29
31
28
28
24
21
21
20
19
23
23
22
22
23
22
23
21
21
20
22
19
28
30
28
30
28
29
28
26
30
28
30
28
34
53
54
64
75
80
82
83
83
84
78
79
79
80
77
77
75
73
71
68
64
58
58
56
52
56
56
51
44
22
15
14
20
26
22
23
23
22
22
21
22
22
20
21
29
29
28
30
30
29
30
29
29
28
28
41
53
71
90
98
97
96
94
94
95
97
95
95
97
97
94
91
91
90
87
85
84
81
79
80
78
75
76
72
68
62
49
19
14
16
17
25
22
22
23
24
22
23
21
21
31
28
30
29
30
30
30
30
30
33
50
51
84
98
102
102
100
102
104
103
102
102
102
101
101
101
100
98
95
94
92
92
90
87
86
85
85
84
82
79
73
70
68
63
43
12
14
19
22
24
23
23
24
22
21
24
30
30
31
29
30
30
30
31
34
51
38
88
99
103
104
103
105
106
106
105
106
106
104
104
103
101
101
100
99
98
95
94
93
91
90
87
88
85
86
82
81
79
73
67
64
53
11
12
17
23
25
24
24
22
24
23
31
30
30
32
30
31
30
30
56
31
74
100
103
105
106
108
108
107
107
106
106
105
105
103
101
101
100
99
99
99
97
96
94
92
92
90
90
87
85
86
83
81
77
71
67
66
53
17
13
18
25
25
25
23
22
23
30
28
30
32
31
31
29
44
47
60
97
102
104
108
108
110
109
106
106
106
105
105
103
102
101
101
98
97
99
99
96
94
93
92
88
89
87
88
85
86
86
83
80
78
75
68
65
43
23
18
23
26
22
25
23
22
31
31
31
31
32
30
37
44
46
84
101
105
110
109
109
110
109
107
107
106
106
106
104
102
100
99
97
97
97
97
97
96
94
94
88
89
89
88
87
86
84
82
82
81
76
74
67
61
19
21
21
25
25
24
24
23
32
31
32
31
30
30
37
46
53
97
100
107
110
110
110
110
109
109
108
109
107
106
105
105
104
99
96
94
97
98
97
98
96
96
96
92
93
91
91
90
89
85
84
85
82
76
69
66
35
27
18
19
23
26
23
23
32
32
32
31
32
30
36
52
67
103
102
108
111
111
110
110
110
109
109
108
106
106
105
102
103
100
100
98
99
101
100
97
98
98
96
93
92
90
88
91
88
86
85
85
85
80
73
66
51
26
25
14
24
24
24
25
33
30
31
30
30
30
40
53
79
105
105
107
111
110
109
106
103
101
100
100
97
93
94
90
95
92
95
94
100
103
98
92
92
92
90
88
82
82
85
83
82
84
78
76
81
80
72
68
53
29
26
13
19
25
23
23
32
31
31
33
31
36
45
65
84
106
104
106
106
92
84
73
61
57
52
47
44
44
46
56
64
65
73
80
95
98
91
81
72
64
55
47
45
38
41
39
44
46
54
63
50
72
73
70
56
28
31
15
17
24
23
22
32
32
30
32
30
39
60
67
87
106
103
101
77
62
57
57
55
49
44
37
33
30
33
35
46
54
62
84
99
96
84
76
59
42
36
33
32
34
37
46
48
52
49
45
47
45
62
69
65
36
30
16
18
23
22
22
32
31
31
30
28
44
58
66
89
108
104
71
62
75
87
86
78
72
69
65
57
47
42
44
55
72
93
108
106
101
91
85
74
64
57
47
42
50
61
70
73
75
79
84
75
40
46
69
70
45
35
15
17
23
23
23
32
31
31
28
26
44
47
62
98
107
100
85
90
92
84
83
101
95
72
66
53
54
57
54
47
61
95
107
105
100
91
86
80
52
48
51
54
57
57
63
71
75
71
80
79
70
52
64
70
56
27
25
21
23
22
24
32
31
28
30
28
33
41
60
102
106
102
99
93
82
83
91
66
44
28
26
43
66
59
47
68
71
93
103
102
93
87
87
79
67
63
42
60
43
34
18
36
64
56
67
69
75
75
63
66
65
24
21
22
24
22
23
31
31
32
28
28
32
36
51
94
104
105
108
106
104
81
70
79
71
63
66
64
64
64
70
74
97
100
101
102
92
87
84
73
75
71
66
61
61
60
54
56
66
58
45
70
88
89
73
67
63
22
19
24
23
24
23
30
33
28
30
29
27
39
41
75
106
109
112
111
110
104
96
90
75
66
60
62
64
74
84
100
107
103
103
103
99
91
85
77
79
82
73
69
59
61
63
66
73
77
69
76
87
93
80
71
52
19
18
25
23
22
23
31
29
31
30
28
26
28
37
72
106
110
111
111
110
107
108
103
100
97
95
99
101
104
109
110
109
102
102
98
94
92
84
79
77
87
87
88
81
81
78
76
79
80
77
82
83
87
85
76
54
15
18
24
24
23
23
31
28
30
27
42
78
53
19
81
106
110
110
111
110
109
108
106
104
104
105
106
106
107
110
110
108
101
106
101
97
90
85
80
75
88
89
91
93
91
88
86
85
87
87
86
87
85
86
79
68
8
32
55
44
22
24
29
28
29
26
61
53
82
47
92
104
109
111
111
111
109
107
108
106
106
104
104
104
105
109
108
103
99
100
100
87
84
85
90
76
81
92
90
91
90
93
93
89
90
91
89
89
90
87
81
71
28
71
30
51
23
25
29
29
29
25
53
53
58
61
97
104
109
110
111
111
109
107
108
104
101
102
102
101
102
104
105
93
64
58
76
65
62
71
65
56
73
85
92
90
94
94
94
97
94
93
92
91
91
88
79
64
47
58
42
46
21
24
30
26
28
27
42
66
63
71
95
102
106
109
111
111
109
106
103
103
100
95
94
95
101
100
97
69
34
26
71
62
50
60
38
27
56
80
91
92
90
94
95
94
93
92
94
95
89
84
78
60
53
55
62
28
24
24
30
28
28
25
28
73
75
73
95
99
104
108
110
110
108
103
100
95
91
90
90
96
103
100
91
79
62
84
81
56
47
62
69
61
58
70
86
92
91
90
91
91
90
88
93
96
92
80
74
52
51
74
54
15
24
24
28
31
26
29
24
59
92
61
91
99
103
105
104
107
104
97
92
84
80
76
91
103
106
105
100
99
98
93
69
56
54
64
69
69
70
71
80
86
92
87
85
83
82
87
89
95
91
79
71
40
48
81
23
23
23
23
28
26
29
25
28
32
99
72
79
97
99
101
100
100
99
91
81
70
72
90
102
102
102
101
99
97
93
83
68
63
62
69
69
72
74
74
74
81
82
83
80
78
76
80
87
88
84
76
67
34
55
74
17
22
23
22
27
26
27
26
28
20
84
91
84
93
95
95
95
94
93
85
69
68
89
95
99
99
99
95
95
92
87
78
71
70
66
69
70
73
74
75
76
79
79
78
77
75
73
75
83
83
79
74
63
51
66
61
19
21
23
21
27
27
27
26
28
22
52
92
91
89
86
91
91
89
90
81
63
70
77
77
88
90
91
90
91
88
84
79
77
80
77
76
73
76
79
78
77
77
74
71
65
67
71
74
80
82
73
71
61
58
66
36
18
21
21
21
26
27
26
27
27
27
25
82
101
90
87
87
84
86
90
83
71
64
55
46
61
73
73
64
60
58
56
52
50
50
49
48
50
51
55
57
62
70
64
54
51
55
68
77
79
76
69
66
65
66
38
17
19
21
19
21
26
26
25
27
26
26
25
38
61
71
88
87
85
85
89
85
79
74
69
77
86
75
62
65
65
63
55
52
49
47
47
46
49
48
50
51
52
52
63
75
71
62
73
77
75
70
67
67
32
27
16
19
18
20
23
21
27
28
25
25
24
26
26
25
22
39
83
87
83
84
86
84
83
79
79
91
101
103
99
92
92
87
79
74
73
71
70
67
62
64
70
70
74
77
83
77
75
70
75
74
71
68
68
54
10
18
18
18
19
19
20
21
26
24
26
22
27
25
25
25
25
24
70
83
83
82
82
85
85
81
84
90
97
98
100
99
92
84
77
65
57
53
55
57
60
67
72
77
80
79
78
76
73
69
72
71
67
67
67
27
17
16
18
17
20
19
19
22
25
26
24
26
27
25
24
24
24
22
45
78
76
79
79
80
80
82
83
87
90
91
92
91
85
80
71
62
56
50
51
53
57
63
67
71
72
72
74
74
73
73
72
67
65
66
56
11
16
16
17
17
18
19
19
20
24
26
25
24
27
24
25
24
24
24
21
62
75
72
75
75
76
79
81
84
83
83
85
82
77
70
57
55
56
55
57
58
60
62
66
70
69
72
73
72
74
73
69
66
64
61
21
14
16
16
16
18
16
19
20
19
25
24
23
24
23
23
25
22
24
23
24
28
65
69
72
73
72
78
81
82
80
80
79
76
75
71
67
65
65
65
65
65
66
69
71
71
72
70
70
72
71
67
69
67
58
57
17
15
14
17
17
18
16
20
18
19
25
23
23
23
23
24
25
22
23
23
25
19
66
69
68
71
74
76
77
79
77
77
79
81
82
84
84
83
81
79
74
74
74
75
72
72
75
71
71
71
69
62
68
62
55
60
24
13
17
16
17
18
18
18
20
19
25
25
23
23
25
24
23
22
24
24
25
19
69
79
61
66
71
72
76
74
76
78
79
79
82
83
81
79
77
77
76
74
74
74
72
73
70
73
72
67
64
66
60
56
58
62
36
12
15
17
18
18
18
18
20
20
25
24
22
23
23
24
22
24
23
24
26
16
65
83
70
59
62
66
71
70
73
74
77
74
75
74
72
74
69
69
69
69
69
69
69
67
66
70
68
64
60
60
54
56
62
65
49
9
17
16
18
19
19
18
18
19
24
22
24
23
22
21
23
23
23
24
23
17
60
81
78
69
59
56
61
63
66
65
68
68
67
64
59
57
54
54
54
57
57
58
61
60
63
64
60
56
55
55
55
63
66
65
58
9
16
17
17
18
16
20
17
19
23
22
21
22
21
22
22
22
22
22
25
16
57
80
80
75
70
60
52
53
55
55
55
55
55
52
46
41
40
39
42
45
45
48
53
54
55
56
50
53
53
55
60
65
65
66
63
12
17
18
17
18
19
17
18
18
23
21
21
23
23
23
23
20
22
22
23
15
57
81
81
79
73
66
58
51
46
45
44
42
40
37
35
33
32
30
31
32
34
38
40
43
46
49
51
53
53
56
63
69
65
66
63
17
19
17
17
17
17
18
17
18
22
23
21
23
22
21
20
21
21
23
22
15
60
81
80
80
76
70
67
61
53
46
40
36
34
34
31
32
30
31
30
31
33
35
38
41
48
50
53
55
58
63
67
70
67
65
64
25
16
17
17
19
17
19
16
17
