1.45407261e-04 2.03314589e-04 1.50822665e-04 1.61905189e-04
 1.75276546e-04 1.61661167e-04 1.69459580e-04 1.95770622e-04
 2.23552117e-04 9.10182084e-05 1.62382181e-04 1.78975075e-04
 1.97692953e-04 1.74001320e-04 1.79209016e-04 9.48615430e-05
 1.55992854e-04 1.47684640e-04 1.75414640e-04 1.55900438e-04
 1.43136368e-04 1.49636648e-04 1.82892080e-04 1.61347428e-04
 2.18585669e-04 2.21243211e-04 2.38497452e-04 2.01503807e-04
 1.28089982e-04 2.37124397e-04 1.48633048e-04 2.13396510e-04
 2.39808007e-04 1.45044144e-04 1.11882537e-04 1.08185902e-04
 1.33654248e-04 1.26083840e-04 1.39180142e-04 1.46222167e-04
 1.37812814e-04 1.47511948e-04 1.93189897e-04 2.26066703e-04
 2.89441093e-04 1.21147010e-04 1.74672390e-04 2.12708499e-04
 1.54556105e-04 1.85273046e-04 8.88402014e-05 1.58945330e-04
 1.48424191e-04 1.79284177e-04 1.36587755e-04 1.75529799e-04
 1.79152466e-04 9.14855074e-05 1.47693588e-04 1.08673594e-04
 1.68530514e-04 1.38576822e-04 1.66963754e-04 1.67430740e-04
 1.76926834e-04 1.15700729e-04 1.02042669e-04 1.42395490e-04
 2.64302481e-04 1.62338471e-04 1.20612699e-04 2.03774879e-04
 2.10097187e-04 2.82902218e-04 9.73467056e-05 1.06875787e-04
 2.06305824e-04 1.56890661e-04 9.04292118e-05 8.77687394e-05
 1.24514030e-04 9.24531451e-05 9.07641355e-05 1.08819496e-04
 1.24129879e-04 1.70519536e-04 9.01079037e-05 1.52450926e-04
 2.74027699e-04 1.91871752e-04 2.31958905e-04 2.45118826e-04
 1.84665326e-04 1.68975862e-04 1.42327681e-04 1.87549844e-04
 1.31751020e-04 8.80635322e-05 1.47882819e-04 2.13005163e-04
 1.47537389e-04 1.48350074e-04 1.90723778e-04 1.59395927e-04
 2.03981991e-04 2.03023055e-04 9.72435002e-05 8.83507492e-05
 9.92216803e-05 1.28873825e-04 1.02051773e-04 9.09026550e-05
 2.22732617e-04 1.76881916e-04 2.87104912e-04 3.09296714e-04
 1.91019324e-04 1.49144027e-04 8.60388757e-05 1.18117433e-04
 9.91348344e-05 1.94597655e-04 1.46415395e-04 1.86001710e-04
 1.03011820e-04 1.73629688e-04 3.53371232e-04 1.94708130e-04