0.0002933  0.00038728 0.00004315 0.0000429  0.00034753 0.00042855
 0.00004314 0.00004405 0.00031111 0.00004315 0.00029746 0.00030733
 0.00003974 0.00004263 0.00032919 0.00004573 0.00004314 0.00023399
 0.00004315 0.00004315 0.00047083 0.00004315 0.00034012 0.00034231
 0.00004535 0.00004315 0.00004315 0.00004543 0.00004315 0.00004315
 0.00004263 0.00034317 0.00036566 0.00004605 0.00004445 0.00004314
 0.0000443  0.00026059 0.00026199 0.00004447 0.00036906 0.00004264
 0.00033172 0.00004314 0.00030496 0.00004315 0.00004315 0.00029526
 0.00004608 0.00032985 0.00004315 0.00004588 0.00004267 0.00031314
 0.00026947 0.00004438 0.00029071 0.00031438 0.00038715 0.00004385
 0.00004315 0.00004264 0.00027795 0.00004382 0.00004314 0.00004265
 0.00004558 0.00004446 0.00004619 0.00004568 0.00004424 0.00003974
 0.00004315 0.00004315 0.00036882 0.00046594 0.00004264 0.00004289
 0.00037602 0.00033325 0.00004266 0.00022621 0.00004721 0.0000436
 0.0004712  0.00004315 0.00004505 0.00004315 0.00004265 0.00004361
 0.00004266 0.00004315 0.00004313 0.00004313 0.00003974 0.00004314
 0.00004402 0.00004525 0.00003974 0.00004315 0.00004286 0.00004267
 0.00003974 0.00004433 0.00004315 0.00004315 0.00004315 0.00004313
 0.00004264 0.00004314 0.00004315 0.00004359 0.00004453 0.00003974
 0.00027361 0.00030973 0.00004535 0.00004315 0.00033348 0.00039347
 0.00004315 0.00004435 0.00004266 0.00004476 0.00004399 0.00039896
 0.00004315 0.00031048 0.00004315 0.0000429  0.00004315 0.00004315
 0.00004315 0.00004315 0.00032546 0.00004314 0.00004603 0.00004315
 0.00004314 0.00025901 0.00004483 0.00030281 0.00028379 0.00004315
 0.00026462 0.00004315 0.00004264 0.00043175 0.00004315 0.00004315
 0.00004314 0.00004346 0.00004315 0.00004268 0.00026463 0.00003974
 0.00032111 0.00004315 0.00029378 0.0000429  0.00004313 0.00004264
 0.00004269 0.00038827 0.00004315 0.00031846 0.00003974 0.00031592
 0.00004559 0.00004315 0.0004605  0.00033297 0.00025214 0.00043752
 0.00004267 0.00004314 0.00004367 0.00044283 0.00004315 0.00003974
 0.00004584 0.00027341 0.00004266 0.00004315 0.00027834 0.00003974
 0.00004619 0.00034113 0.0000427  0.0000427  0.00033375 0.00004275
 0.00004564 0.00004565 0.00004444 0.00022451 0.00004467 0.00004264
 0.00036629 0.00004271 0.00004289 0.00004315 0.00004266 0.00004314
 0.00035688 0.00035    0.00003974 0.00004264 0.00004315 0.00026344
 0.00004264 0.00004266 0.00004315 0.00033724 0.0004362  0.00004315
 0.00036668 0.00004314 0.00004315 0.00004267 0.00026893 0.00028383
 0.00004315 0.00025749 0.00004315 0.00004264 0.00004315 0.00004315
 0.0003921  0.00004506 0.00004315 0.00037059 0.00004315 0.00004315
 0.00003974 0.00039455 0.00004264 0.00034814 0.00004551 0.00034932
 0.00004313 0.00004315 0.00004315 0.00021634 0.00004368 0.00004315
 0.0000429  0.00041656 0.00004315 0.00039215 0.00038327 0.00004702
 0.00004315 0.00035994 0.00039046 0.0004199 