88
134
234
81
51
231
111
97
82
99
164
31
196
183
213
94
93
235
113
71
179
150
201
19
192
61
186
184
150
223
227
182
180
107
84
130
242
87
145
162
18
53
68
39
36
146
150
204
166
16
247
155
155
236
159
177
39
128
193
25
83
27
48
148
50
115
104
115
111
166
42
82
220
136
228
231
246
187
45
206
85
236
194
103
1
127
213
42
236
50
154
170
156
226
241
227
85
73
8
20
175
248
226
19
151
208
208
173
19
140
155
65
220
113
86
246
243
63
137
136
51
130
10
111
130
211
143
136
184
230
221
249
213
56
12
38
56
145
250
81
57
131
85
126
237
84
222
167
56
66
79
139
22
14
83
243
90
225
57
47
158
94
49
130
69
155
78
217
208
75
49
19
192
231
145
29
34
100
17
22
236
37
171
231
28
13
169
160
84
92
170
126
125
98
41
134
180
110
88
136
59
46
148
202
129
37
169
205
16
200
41
219
11
19
78
102
118
179
146
27
92
123
42
65
40
236
13
62
47
224
158
36
31
166
54
235
220
194
133
37
78
194
199
128
135
11
138
162
193
48
153
181
172
30
190
39
67
235
207
60
20
216
178
75
13
80
4
55
86
156
88
36
42
224
47
109
60
47
27
33
209
93
187
63
194
171
172
242
253
67
150
58
100
19
49
240
61
5
234
58
196
227
30
143
94
146
77
254
121
76
97
44
131
204
48
109
112
249
87
60
178
94
158
88
72
219
4
80
18
92
96
202
125
140
103
154
104
111
173
157
19
160
187
183
252
244
241
23
12
34
246
207
237
21
48
233
64
238
40
46
52
165
58
213
2
254
33
185
237
210
190
109
166
72
240
224
164
114
48
106
234
198
158
143
120
189
132
251
142
9
255
220
52
181
180
24
97
134
203
67
199
93
244
136
230
241
193
163
33
63
254
211
217
246
33
192
122
146
14
94
177
235
84
3
103
155
30
253
61
249
65
126
168
198
72
46
145
185
173
137
145
236
69
83
236
191
214
149
166
104
60
242
75
205
89
70
21
156
149
48
11
253
67
124
194
180
86
73
78
248
6
91
71
246
36
29
174
58
6
175
35
43
101
74
86
115
61
112
120
37
33
152
244
50
23
219
5
174
194
185
22
36
124
108
182
108
37
222
202
109
197
244
53
181
236
195
97
164
224
230
43
26
114
54
58
142
167
151
172
33
109
226
215
55
70
144
213
221
112
92
229
54
220
209
63
75
128
240
83
48
31
39
82
48
62
42
1
50
131
53
224
111
95
183
86
33
129
9
199
89
19
240
68
118
241
168
101
58
137
198
191
97
167
99
107
71
231
234
176
225
115
68
224
106
223
211
236
192
176
243
222
17
40
153
140
75
232
158
171
45
209
168
177
220
215
227
16
130
171
161
110
184
152
69
118
148
46
203
29
51
6
83
105
207
165
74
175
39
9
54
136
86
97
248
216
137
181
88
233
192
109
203
109
42
26
111
191
172
76
157
179
215
250
231
44
20
196
21
149
192
155
185
8
12
44
13
71
97
98
115
243
157
60
244
114
236
20
28
55
209
183
213
57
160
11
195
245
13
13
110
19
28
234
86
40
212
57
17
133
148
228
155
90
21
11
53
176
197
156
219
230
196
58
147
155
198
236
28
65
194
80
192
71
20
120
158
54
99
110
170
93
185
15
82
149
221
191
160
103
135
84
103
195
175
53
114
73
28
16
33
47
212
148
162
9
49
199
120
38
76
255
132
113
159
150
119
130
252
118
129
63
245
66
160
227
63
147
187
91
108
65
240
254
205
106
143
119
245
85
77
156
203
127
233
215
145
42
97
25
169
150
214
116
249
170
218
197
212
78
132
118
199
17
53
44
80
173
137
6
17
133
113
129
66
67
170
175
208
44
205
14
181
188
132
59
88
74
79
110
17
105
74
10
154
127
23
138
189
200
233
75
81
212
42
199
53
30
198
34
188
77
205
238
21
230
80
208
171
140
213
97
211
14
220
52
51
153
20
56
30
162
63
195
234
59
148
102
223
146
157
88
219
62
92
122
75
117
235
166
235
14
92
226
50
69
179
254
241
155
184
116
32
145
83
117
227
205
163
159
9
255
18
27
254
214
232
34
91
10
96
113
197
229
8
227
197
201
169
235
141
74
163
139
21
188
226
53
139
148
201
40
11
14
184
82
137
24
217
92
25
16
170
65
192
242
76
253
31
108
46
1
133
222
34
207
66
117
55
87
144
241
144
118
198
80
250
42
11
113
32
248
189
218
119
16
168
127
216
119
66
127
221
23
125
143
153
149
207
100
58
35
15
137
237
159
252
39
19
64
66
45
15
147
79
22
199
20
56
96
109
224
156
15
61
33
203
169
211
122
180
188
239
193
186
118
49
23
209
125
175
36
238
235
120
151
59
67
76
215
177
160
66
217
157
46
65
26
102
160
17
182
231
244
162
228
40
55
21
95
63
139
100
112
58
10
38
106
229
99
104
124
238
107
103
179
231
21
48
168
68
127
226
101
76
42
58
21
12
230
133
239
69
239
133
208
124
114
46
234
89
122
73
144
121
19
105
93
185
101
149
136
67
78
182
131
22
138
146
86
172
127
124
153
137
170
241
70
64
191
244
220
111
9
58
242
19
148
70
107
75
52
101
194
99
212
176
241
9
102
37
96
174
0
226
121
59
26
48
252
25
203
179
122
7
137
169
24
188
68
151
212
52
76
38
59
12
138
18
204
181
219
35
8
144
35
176
62
100
113
183
166
161
139
242
211
226
232
82
155
149
125
112
26
119
57
198
115
71
156
54
146
47
201
162
108
104
69
59
77
224
206
175
74
244
38
254
142
76
120
146
125
173
223
145
241
100
84
198
12
161
194
199
54
234
59
75
208
159
182
167
200
215
160
27
110
77
145
195
158
30
214
29
174
176
148
206
33
119
66
70
35
160
103
131
222
68
49
162
21
92
176
162
42
69
231
159
36
141
126
219
244
95
236
23
254
125
74
102
115
167
206
68
84
154
32
101
223
203
54
199
181
155
87
9
212
255
104
2
223
9
131
7
61
10
151
134
1
231
145
189
92
179
239
95
70
97
173
64
132
170
102
229
200
17
180
132
224
94
126
26
253
161
107
239
119
213
20
166
78
149
196
172
46
68
251
168
207
115
149
208
102
239
222
133
38
72
9
189
14
17
100
124
19
240
203
20
78
94
73
14
153
85
155
80
196
84
29
70
246
197
190
92
140
2
158
33
2
36
204
151
32
223
102
212
57
190
44
200
229
136
76
106
12
178
16
221
194
72
36
255
109
9
103
253
187
234
120
31
151
139
63
8
224
176
201
190
238
90
103
25
20
155
62
53
83
39
135
163
45
71
192
101
105
173
119
48
248
165
255
200
115
180
40
200
250
251
42
70
205
245
10
80
66
31
206
232
245
77
181
98
215
74
244
188
40
72
126
248
93
69
7
223
153
159
95
208
145
76
123
100
250
77
134
35
216
182
157
183
246
86
49
206
152
144
195
34
224
76
230
177
149
90
137
237
194
80
126
21
226
151
89
10
204
120
34
8
104
33
219
162
81
229
177
187
122
117
99
84
166
217
112
232
100
65
217
64
128
60
251
59
81
229
248
123
59
242
138
225
137
142
152
48
73
75
10
28
129
80
118
175
191
73
148
141
62
96
110
212
163
227
89
207
12
237
231
84
19
93
167
86
176
178
12
233
129
155
244
55
127
194
108
178
81
12
0
109
237
99
104
54
120
196
176
81
43
83
65
130
48
165
220
186
57
125
36
137
176
56
87
203
97
40
166
92
44
212
33
37
16
233
155
93
47
18
232
225
158
181
146
74
219
189
133
191
111
97
129
192
71
18
101
25
183
19
149
85
144
131
129
208
77
21
103
247
197
234
138
241
220
230
52
170
65
197
24
212
42
123
246
129
203
194
113
73
182
193
240
63
211
120
121
27
252
43
113
122
161
30
245
252
28
99
202
47
100
247
94
34
128
212
190
31
82
73
214
73
23
233
175
197
122
68
224
68
97
96
189
11
60
17
189
95
242
34
25
184
110
125
118
204
197
89
108
186
173
141
21
247
229
199
58
133
218
26
214
80
93
197
205
65
247
209
49
196
152
226
72
140
158
160
132
215
178
246
48
144
143
41
158
152
245
210
80
226
240
27
133
37
217
180
98
17
134
98
154
37
134
73
243
158
191
220
36
84
154
131
233
91
120
240
86
12
209
13
116
23
15
122
154
66
104
64
76
207
75
76
132
92
224
80
177
159
158
172
201
81
20
170
74
159
188
94
80
217
87
8
82
72
130
193
206
153
223
58
176
156
151
105
171
48
134
28
215
226
159
27
13
175
96
57
60
191
50
60
147
158
129
155
131
173
206
180
40
183
95
223
200
214
36
189
31
239
19
199
129
203
177
89
78
58
63
134
214
72
175
240
86
113
53
219
116
224
222
182
12
219
42
50
183
51
243
145
151
186
204
64
120
79
190
155
169
161
99
91
127
55
142
130
78
87
186
79
104
17
201
84
9
227
76
81
140
106
115
29
66
174
100
35
37
144
114
126
89
220
104
165
230
99
46
75
218
22
198
135
201
238
150
157
144
105
55
113
255
119
185
85
82
184
95
36
148
29
177
110
184
94
156
214
142
234
233
181
221
81
198
232
218
213
98
207
236
124
91
251
12
42
250
33
168
117
177
186
40
26
230
102
236
199
30
207
177
12
200
150
242
247
44
28
189
71
122
100
69
158
20
95
108
217
128
178
57
96
35
181
89
105
249
215
166
13
249
220
51
3
74
169
46
69
7
53
153
158
198
125
46
30
157
187
210
14
198
248
230
94
103
18
27
248
171
203
92
139
214
196
90
221
54
199
214
204
213
91
46
117
103
23
109
82
20
41
231
227
158
132
98
123
214
190
145
237
145
188
171
18
181
43
124
4
168
210
55
18
192
136
71
243
185
121
67
142
149
232
115
96
98
203
57
151
172
77
250
18
61
0
87
28
248
66
184
163
17
185
70
36
37
19
3
186
80
160
183
75
197
53
116
163
188
158
184
142
199
215
163
249
190
163
233
93
201
109
193
3
231
252
104
119
230
86
243
173
65
253
155
195
219
226
69
226
165
215
2
10
201
64
130
92
146
72
88
146
125
250
106
180
71
209
129
202
79
107
151
64
93
137
205
96
141
46
99
63
91
73
188
227
221
30
152
110
204
252
157
134
203
80
85
160
42
66
0
238
47
37
244
61
117
40
33
216
253
181
253
121
4
70
11
62
21
92
199
141
208
1
176
87
131
11
127
75
207
184
252
209
202
110
38
225
130
202
216
24
148
82
112
168
185
148
6
55
98
40
123
30
117
53
170
43
90
41
207
3
39
134
171
97
75
10
175
62
173
114
245
163
6
89
77
165
57
245
206
62
7
3
176
175
103
28
80
156
9
43
59
109
72
171
197
34
49
45
244
30
17
150
249
224
142
47
36
93
221
201
29
124
144
150
98
167
71
24
245
145
76
92
126
37
224
233
201
184
245
223
211
120
235
239
243
84
219
218
108
102
223
200
71
199
122
54
123
206
25
138
128
159
8
240
90
54
42
2
68
246
7
223
59
117
74
45
194
224
64
249
147
115
37
70
58
19
238
43
124
209
189
30
84
93
32
232
6
59
205
228
131
120
201
210
152
205
53
176
100
113
4
55
55
128
204
66
151
44
58
70
161
128
137
241
148
227
176
22
227
192
7
151
195
25
112
141
150
250
207
211
116
244
254
180
218
205
12
147
140
35
36
66
204
64
201
171
11
107
150
67
175
194
82
41
103
45
61
171
23
83
89
74
171
131
126
49
93
252
172
230
142
80
153
48
195
151
235
128
217
217
133
164
71
101
154
101
132
128
8
212
98
94
20
209
5
25
46
227
79
39
98
80
173
150
50
191
204
13
99
137
249
200
79
65
80
101
88
50
55
21
188
134
191
237
242
115
44
216
36
97
67
194
152
75
94
173
122
231
34
171
151
73
13
54
157
140
27
110
108
207
201
234
53
142
72
245
130
233
126
151
103
227
148
134
61
219
162
126
163
54
59
63
179
175
75
189
79
166
37
39
74
236
229
193
206
175
151
245
89
154
48
230
159
131
21
127
181
87
124
162
100
235
116
113
22
29
159
5
162
77
18
207
241
186
69
84
106
139
22
78
113
28
58
23
165
181
40
20
133
95
5
176
39
39
198
25
56
152
154
18
210
206
30
172
98
92
182
157
167
216
133
69
155
138
109
43
27
126
60
194
236
233
231
223
10
78
36
57
246
24
127
92
199
53
124
33
203
44
184
255
64
133
8
41
92
40
114
197
192
142
39
30
59
144
173
77
113
148
184
41
91
241
86
248
177
64
229
137
161
50
243
236
223
38
253
47
22
5
49
67
62
254
222
76
71
42
200
231
26
43
133
62
36
197
18
41
129
235
200
253
157
142
134
170
239
140
110
179
13
145
153
132
57
53
0
239
177
202
50
58
254
202
63
193
184
186
229
119
57
182
23
47
4
184
7
197
138
225
43
148
15
71
156
224
192
154
188
218
173
33
45
137
196
167
172
244
120
5
119
153
23
129
91
169
183
93
90
208
51
208
240
208
71
48
225
2
41
163
243
67
132
244
165
27
91
212
76
2
40
177
129
136
232
117
186
244
216
31
138
62
162
81
48
194
244
221
171
128
15
90
135
78
39
247
64
203
126
188
88
185
53
45
31
112
86
112
210
231
31
73
200
51
174
110
65
231
112
121
189
62
248
68
33
205
235
62
222
122
235
5
122
171
235
152
39
42
170
162
118
97
129
59
73
235
68
224
8
127
102
216
194
174
211
236
91
50
68
240
61
153
40
175
166
175
167
236
181
79
207
136
20
123
54
190
241
10
88
86
223
1
50
242
145
192
227
63
245
32
214
168
251
5
62
203
171
229
84
148
33
59
189
115
192
26
222
33
189
55
226
86
138
241
147
204
220
74
225
77
106
102
168
144
211
74
189
89
211
226
132
95
36
25
82
66
109
225
55
226
162
42
215
144
173
105
115
159
130
214
187
89
235
69
150
117
60
148
67
64
29
148
31
133
182
211
42
176
201
71
61
191
208
121
207
73
78
93
161
226
24
88
198
196
218
221
87
106
55
177
142
27
67
129
58
88
169
57
110
77
223
185
173
230
48
15
231
182
178
213
28
18
236
80
216
49
72
112
242
143
220
55
193
49
178
167
233
182
152
168
80
210
200
37
215
70
61
150
99
220
70
90
173
221
30
187
169
93
38
98
187
158
17
100
77
219
66
179
153
35
36
245
155
75
119
90
117
19
80
117
48
180
121
179
205
130
50
157
145
179
100
65
204
227
121
172
73
88
155
38
45
204
65
170
142
239
63
29
149
185
145
30
222
139
183
72
211
200
208
160
53
76
137
180
86
109
152
78
238
152
149
171
34
173
154
95
238
102
73
239
158
70
75
0
108
174
217
100
202
219
30
28
216
191
165
77
158
118
195
168
12
18
191
215
53
135
246
51
157
93
15
127
180
48
239
51
133
39
173
114
63
210
104
198
122
85
227
34
121
50
238
61
160
94
203
231
74
209
148
17
239
229
153
120
21
246
210
38
188
13
53
157
31
189
69
147
36
55
93
177
161
173
83
209
106
207
188
48
82
162
243
81
180
156
167
229
28
84
126
85
169
98
93
128
9
171
85
185
57
230
207
152
185
84
237
235
80
113
106
48
112
190
92
35
32
201
155
154
79
200
126
192
81
241
132
44
60
239
154
116
224
239
45
60
91
123
115
214
138
24
210
198
223
226
45
138
45
81
209
150
47
46
149
233
110
141
51
137
246
247
231
110
208
167
66
79
65
111
145
177
83
232
76
240
224
199
220
57
120
219
70
70
144
90
92
30
160
255
99
234
44
218
183
37
162
177
182
32
140
65
94
185
51
114
50
78
180
223
71
197
104
42
70
236
101
221
36
87
192
212
135
81
245
96
199
98
65
83
135
199
178
39
202
165
248
217
203
135
31
72
149
100
126
149
220
89
223
192
101
86
112
214
170
213
242
68
174
202
127
16
126
113
188
37
166
255
44
163
8
71
82
127
7
162
44
92
238
36
44
199
0
192
145
14
127
101
37
8
194
82
185
78
103
206
30
14
4
69
184
120
196
84
171
169
160
15
157
32
91
19
153
153
71
10
81
174
77
123
147
90
148
71
71
222
184
139
55
79
143
41
108
22
40
215
14
62
103
221
15
101
161
53
33
229
102
65
175
96
129
170
107
91
148
125
177
72
142
72
222
152
93
57
153
110
58
117
243
106
178
28
14
123
12
158
197
217
123
166
59
155
167
180
36
102
87
217
59
47
176
114
103
161
12
144
248
66
53
172
31
203
152
23
14
170
110
173
173
82
71
141
95
149
138
55
187
10
144
127
111
111
25
68
231
121
23
7
38
219
238
245
62
55
40
15
46
54
210
191
199
34
112
134
181
78
218
166
252
131
222
9
119
148
132
46
76
192
54
112
91
68
239
67
163
144
222
245
226
161
147
107
78
182
82
120
62
119
195
146
62
192
74
146
98
151
126
232
195
133
119
100
22
212
98
149
62
89
233
247
152
187
128
179
184
189
146
123
60
233
227
212
42
163
234
214
134
155
228
80
191
189
68
30
75
86
202
218
129
227
112
179
192
131
35
252
27
118
237
82
67
123
105
119
179
47
195
156
173
219
24
79
16
38
149
61
184
218
143
214
205
64
136
49
54
93
198
182
21
191
43
164
98
104
186
17
43
150
46
198
113
194
221
25
70
245
150
130
180
139
113
154
192
155
153
254
195
189
49
29
147
28
255
163
60
200
113
200
58
158
193
107
35
164
149
133
151
146
166
42
235
108
181
20
115
199
114
212
242
77
178
150
191
198
200
77
173
207
42
167
53
61
74
176
6
57
194
170
34
143
173
140
207
216
155
214
62
226
55
12
122
126
234
11
130
102
78
88
29
74
106
156
54
96
174
94
158
120
230
45
130
190
227
197
247
195
152
217
140
178
243
41
68
118
247
64
68
80
193
7
9
80
51
54
135
61
94
205
82
192
105
203
247
172
44
17
51
126
21
76
96
145
191
33
248
161
90
192
84
201
34
164
97
183
111
49
21
241
43
239
73
72
58
85
205
189
75
147
105
214
248
70
118
169
248
243
192
206
243
239
156
115
220
176
90
214
101
133
82
181
56
34
196
40
19
177
76
102
251
217
15
108
250
116
86
147
195
157
33
129
228
79
16
25
190
170
172
51
27
5
63
154
28
63
155
124
108
249
45
170
91
91
230
194
194
70
97
191
115
234
76
42
32
38
85
12
56
33
146
251
210
187
49
186
13
126
158
84
158
224
152
115
31
162
77
78
228
194
125
232
63
230
223
210
57
29
0
213
44
167
221
149
66
234
189
216
169
125
134
253
115
19
166
57
196
162
121
5
185
111
138
222
150
36
131
104
15
94
170
187
26
225
248
235
84
161
238
155
62
159
220
198
146
176
242
195
197
118
45
226
52
19
13
7
123
196
229
97
55
43
229
230
214
62
8
9
244
114
40
124
218
190
35
102
119
238
125
26
87
164
110
168
225
80
50
57
237
195
79
194
228
209
97
73
236
126
23
5
205
74
244
165
17
160
84
184
48
128
138
180
119
18
157
95
177
147
196
144
194
181
76
206
164
10
115
81
80
129
241
150
98
81
174
167
98
35
35
194
226
246
126
108
76
217
24
244
53
117
154
237
167
189
158
191
32
32
135
133
175
234
3
108
28
128
116
166
219
216
10
99
148
93
33
149
154
236
123
56
108
30
185
131
9
182
115
248
72
126
173
10
79
248
218
71
60
31
22
164
227
56
3
189
182
132
184
90
186
29
249
30
149
69
115
117
239
43
33
186
174
35
105
194
83
41
199
16
151
138
178
83
168
207
218
105
139
58
159
96
40
103
134
189
221
14
41
96
83
132
152
53
10
147
9
121
228
41
78
95
231
89
236
111
169
235
92
110
23
42
146
10
227
97
219
162
188
196
74
196
78
162
40
10
180
150
4
216
163
65
128
57
146
240
244
219
186
1
188
106
230
34
76
69
145
106
135
102
223
236
117
227
93
200
229
216
249
185
224
243
68
65
51
107
216
2
65
66
200
9
32
120
99
183
68
156
95
184
129
4
235
132
131
134
200
104
77
178
145
30
85
166
63
60
23
141
176
72
137
128
17
239
36
179
9
241
32
196
148
171
69
137
159
22
109
87
244
60
101
141
35
149
179
84
146
149
243
250
44
182
138
37
86
128
150
162
44
77
214
124
181
224
131
161
76
124
36
213
143
102
197
158
66
31
186
49
106
115
19
11
80
189
194
201
167
100
80
238
159
228
110
204
15
64
121
180
193
228
218
8
175
5
110
17
205
168
114
46
100
108
165
231
109
159
142
141
168
103
17
189
42
242
82
32
95
171
210
191
98
231
233
66
170
187
66
100
45
194
227
11
85
52
70
11
27
22
149
68
173
211
158
38
127
155
88
15
140
114
60
47
220
63
231
224
162
96
140
236
200
125
197
100
47
201
117
162
77
23
64
150
123
83
222
142
46
179
86
220
193
192
97
33
96
118
198
17
117
201
16
226
212
197
152
100
247
146
27
216
223
153
80
15
31
62
36
235
248
82
155
208
96
100
171
34
125
56
188
168
230
21
191
72
72
85
100
17
123
226
2
205
139
236
94
177
29
7
133
125
55
101
74
93
76
250
83
238
208
125
164
179
251
96
200
213
72
16
69
215
115
127
85
85
161
93
92
145
139
103
129
150
114
198
238
172
114
222
177
233
164
0
57
161
197
77
39
69
237
108
226
184
249
244
251
244
200
61
77
137
53
77
98
146
86
212
108
170
224
216
153
157
123
98
218
54
132
179
31
144
23
81
78
102
106
167
122
136
56
64
31
79
44
100
230
126
62
67
245
198
15
30
246
201
214
61
60
222
166
113
67
13
133
101
85
220
36
47
96
188
169
148
94
156
3
216
79
90
209
61
121
11
247
197
233
56
114
235
252
200
221
146
151
40
3
77
191
126
125
193
10
196
53
246
80
112
65
218
4
28
138
179
221
240
241
153
126
193
46
74
183
138
243
210
179
63
218
45
194
20
172
97
238
137
104
167
155
50
98
134
25
105
69
228
112
195
239
92
5
245
85
215
23
224
97
147
152
203
106
127
241
34
106
132
202
33
183
59
236
205
109
46
128
147
191
96
41
95
148
142
195
100
175
127
177
133
109
182
25
131
120
118
77
209
241
45
210
130
62
148
231
24
90
205
128
148
68
27
52
55
214
66
80
21
89
10
125
42
253
202
75
242
185
209
121
201
101
182
122
241
202
145
181
191
71
241
150
47
91
67
143
161
78
201
187
31
201
222
17
213
21
77
90
81
70
147
13
224
138
129
209
94
88
57
216
106
122
34
65
211
60
65
200
255
175
80
215
127
184
162
70
162
162
13
168
228
219
159
92
49
134
248
58
235
195
176
22
88
133
121
215
76
196
220
10
85
158
40
247
185
23
141
51
111
21
71
98
55
84
195
127
55
70
169
221
222
119
106
201
153
232
121
26
143
49
196
40
237
65
3
228
113
199
111
71
189
102
213
148
10
10
62
191
251
90
164
68
178
69
75
224
150
177
216
168
59
80
180
179
131
203
78
52
20
14
74
125
152
15
70
172
59
57
147
109
234
0
197
60
194
238
246
178
62
207
45
60
122
80
74
36
85
239
173
185
93
16
207
24
226
73
230
16
212
170
197
136
125
222
237
184
55
134
124
192
222
151
121
82
130
117
9
28
104
89
79
32
74
25
20
184
129
38
13
248
155
112
91
70
187
68
186
167
116
119
3
164
143
111
180
171
124
169
249
152
189
194
100
51
249
184
14
14
224
22
110
233
34
223
218
172
168
78
62
55
238
187
217
60
84
107
192
181
165
200
125
207
86
30
39
187
59
168
106
44
138
221
232
42
24
47
143
195
118
156
116
54
33
218
59
48
7
74
186
9
31
180
78
5
46
199
144
192
64
148
211
150
177
28
22
84
211
236
234
120
19
74
131
106
24
110
45
239
44
7
232
157
214
19
98
30
8
57
113
233
149
191
169
95
87
146
219
169
18
215
61
221
239
11
103
136
166
64
86
73
131
184
93
12
147
146
51
246
175
156
243
240
37
56
63
130
38
152
179
221
187
173
107
158
215
37
105
193
131
194
203
122
89
156
203
68
234
238
77
143
113
116
89
66
236
125
22
178
176
81
218
87
249
113
87
239
240
145
9
191
226
110
132
105
126
132
134
104
81
161
117
141
239
111
127
206
121
161
71
97
169
15
176
204
139
187
103
149
86
213
87
248
161
205
118
255
214
37
98
131
110
40
30
201
42
192
5
121
53
240
171
6
179
229
48
231
6
83
236
252
123
181
199
160
153
56
0
102
185
32
212
26
120
84
47
216
177
82
15
253
82
159
98
37
141
160
83
136
98
173
47
138
52
155
96
49
249
236
97
87
12
28
70
250
105
206
54
68
30
243
186
24
140
58
100
132
85
1
93
161
68
25
110
35
153
132
88
126
94
117
240
127
170
144
110
105
231
181
136
217
1
180
51
92
24
114
151
215
160
45
8
181
155
199
235
82
254
90
126
48
230
255
72
200
225
132
82
75
42
202
144
42
249
180
225
171
216
171
164
119
18
190
170
216
171
137
26
17
110
173
22
149
182
210
231
55
245
71
50
131
215
75
83
190
178
175
152
79
21
65
134
136
7
246
240
193
167
53
27
218
204
199
126
31
30
149
86
104
201
25
61
207
39
75
74
54
14
88
195
25
127
120
79
224
96
85
189
186
114
246
195
123
27
233
172
164
152
130
129
66
70
33
138
183
155
236
72
150
135
44
230
111
240
102
179
218
180
42
92
59
216
6
243
76
94
183
48
48
125
53
248
216
72
0
143
149
103
104
148
199
201
203
9
129
9
189
150
62
17
79
17
96
195
248
131
72
171
215
177
168
25
159
13
232
87
110
26
214
136
7
67
205
204
219
141
37
191
246
129
157
220
211
142
21
248
88
23
83
156
31
81
159
9
183
214
65
126
15
141
50
25
203
170
165
224
25
24
225
242
215
93
102
61
115
36
116
109
235
230
108
149
85
27
60
168
127
25
10
226
148
154
71
161
97
184
200
82
116
59
15
109
165
176
166
203
189
49
30
128
28
103
102
178
49
58
159
37
173
227
197
208
244
244
28
244
198
160
111
208
138
68
137
150
93
241
180
40
83
229
231
219
69
39
154
127
249
194
92
16
195
247
107
200
90
199
52
142
164
241
36
167
233
182
55
60
83
206
214
47
114
39
142
244
200
64
245
239
48
113
78
156
22
38
60
34
14
137
61
34
254
240
178
177
240
240
95
174
160
76
215
10
191
203
118
223
137
135
174
154
128
68
152
13
172
74
105
106
178
127
218
176
75
69
207
60
28
45
193
92
185
195
37
198
59
44
206
21
171
204
200
191
67
132
140
62
255
181
101
55
155
127
87
201
224
54
73
121
122
131
191
116
182
167
101
192
71
162
83
74
20
135
186
61
198
236
94
102
170
33
125
105
15
134
228
159
119
11
164
88
213
148
130
89
135
116
38
191
151
148
134
131
71
19
150
154
38
88
190
231
152
96
146
137
29
128
185
117
220
139
161
11
237
182
131
62
224
219
107
150
101
151
152
114
22
16
20
96
174
191
57
85
222
146
49
44
38
206
23
178
53
55
225
234
38
159
124
105
56
88
138
140
63
144
62
130
92
253
184
190
116
145
24
193
31
76
142
104
90
224
113
160
230
29
87
95
112
26
210
31
141
227
149
109
39
103
57
39
78
226
88
52
20
218
211
114
104
168
116
127
47
195
206
162
79
189
192
209
199
239
61
184
175
194
124
19
123
195
228
48
123
167
122
43
84
180
191
121
86
39
25
173
224
65
34
187
16
201
171
246
17
187
226
113
203
17
250
204
211
85
233
150
65
96
27
66
240
201
42
246
181
39
119
11
67
178
228
6
156
89
8
210
119
131
13
220
152
101
194
88
30
209
191
167
253
125
97
172
165
212
56
57
26
48
9
127
161
49
244
63
17
201
170
236
227
193
107
78
38
7
214
184
233
36
223
34
251
216
121
42
28
214
165
97
139
116
58
89
60
5
154
11
105
251
24
216
58
167
186
213
242
111
82
105
241
170
94
122
179
31
233
65
167
152
29
62
234
139
119
51
220
42
221
129
22
217
252
21
74
106
129
38
88
17
150
253
230
89
244
20
12
232
194
114
209
142
103
146
123
197
239
111
38
42
121
198
192
165
37
23
153
55
84
198
255
40
113
189
98
22
218
47
79
213
209
183
241
173
67
114
120
24
180
140
74
91
249
230
7
153
53
63
123
168
54
194
19
108
37
241
92
190
183
126
240
52
71
74
204
124
100
181
54
207
13
40
14
74
110
7
94
35
54
54
53
184
169
155
117
87
59
145
87
98
40
207
207
222
0
137
104
96
190
130
244
246
127
99
76
111
252
163
200
140
134
216
137
186
108
138
82
171
30
185
98
69
116
202
75
202
133
125
11
66
175
177
103
168
237
80
201
55
120
68
27
127
32
135
214
100
63
204
120
21
30
182
163
109
8
140
86
121
228
61
143
248
182
105
7
146
52
69
113
156
174
35
171
168
188
41
141
105
166
78
150
174
153
144
208
147
73
113
143
4
83
135
225
117
201
194
121
149
188
225
152
175
139
218
33
30
179
61
156
101
168
123
186
232
231
122
194
68
23
38
86
130
168
126
33
38
176
142
112
42
45
205
60
174
47
182
180
151
43
52
52
138
113
39
82
204
214
168
31
250
34
157
123
38
217
208
164
173
81
179
198
223
121
92
116
228
28
169
221
199
117
223
6
243
230
249
227
96
190
82
56
208
132
179
151
36
97
152
72
150
135
162
174
10
228
83
116
219
73
47
146
107
112
222
24
110
21
31
172
187
76
226
67
127
221
171
133
46
221
33
181
115
36
37
76
165
175
125
242
73
115
146
87
228
98
198
26
166
48
48
212
189
196
207
184
122
187
188
205
45
158
196
248
43
152
228
32
228
244
58
35
170
15
196
10
152
191
72
36
8
70
235
128
166
226
202
71
89
86
93
51
129
105
142
203
0
158
175
202
53
132
101
104
220
43
92
59
200
172
81
134
47
65
65
90
196
158
96
225
215
8
89
221
86
29
39
42
246
93
62
93
247
17
201
79
193
53
13
23
93
249
91
130
190
102
237
139
249
159
28
238
91
22
236
163
205
247
34
162
111
118
133
144
63
36
46
115
229
122
193
22
57
84
55
59
8
224
219
239
22
143
99
213
77
162
166
208
142
239
40
188
41
189
139
157
8
210
168
245
132
149
132
141
141
192
21
248
240
64
61
33
60
114
162
176
60
197
154
145
88
202
13
246
156
25
63
93
234
100
23
33
39
86
106
212
91
9
65
105
26
92
36
22
178
194
114
223
28
197
50
88
54
7
232
133
88
37
99
29
125
84
241
144
181
252
218
155
219
38
171
142
159
44
26
238
2
226
78
243
160
69
247
244
19
208
68
252
215
16
191
238
111
152
215
235
180
23
63
181
21
193
177
178
10
129
92
183
178
235
175
198
38
79
187
22
5
83
212
117
155
255
169
133
188
252
233
47
227
242
194
18
242
239
136
106
107
3
42
146
192
132
105
56
232
108
76
155
71
1
108
209
187
115
176
243
9
148
62
41
192
77
121
154
61
155
61
52
115
188
16
123
41
37
116
129
179
186
209
24
26
26
158
23
170
49
102
196
162
12
20
76
61
88
172
208
98
151
88
221
237
16
15
230
230
185
48
253
93
36
6
185
248
116
218
133
202
44
78
141
169
30
250
120
23
191
45
247
64
131
81
56
90
108
195
106
196
5
153
38
182
28
147
237
134
56
221
249
190
86
20
212
208
102
57
8
112
3
11
87
20
163
86
36
233
89
243
178
222
31
80
173
252
106
6
17
103
252
26
133
46
200
242
190
251
45
50
51
147
137
99
10
218
8
64
230
10
96
209
184
203
41
162
81
94
152
57
165
84
48
146
90
247
71
144
212
127
71
100
52
22
113
28
231
44
184
78
194
91
166
213
79
250
232
114
79
208
252
131
161
112
208
70
31
234
149
25
127
131
47
172
167
188
25
194
21
221
151
218
94
103
59
75
168
103
185
153
85
111
27
199
223
184
249
147
13
47
112
29
9
163
13
104
229
243
128
227
198
229
95
244
219
64
239
129
157
178
77
108
132
44
121
214
96
0
151
74
63
221
77
88
76
31
239
43
173
119
112
230
228
194
195
113
191
111
129
11
234
45
204
87
197
14
221
58
153
153
11
220
78
217
124
128
157
137
185
139
51
10
21
66
173
161
239
101
178
130
231
44
91
145
207
21
125
100
196
108
57
157
170
111
172
147
96
31
155
164
95
199
218
232
166
131
8
53
96
151
138
208
156
227
238
28
87
182
60
8
78
103
144
40
233
182
212
106
118
205
31
232
13
38
128
56
146
107
127
242
79
148
86
64
250
133
161
125
76
110
149
60
28
77
68
230
36
18
12
36
25
52
19
242
197
98
26
129
142
183
28
165
212
215
216
31
111
128
170
241
222
122
232
139
140
86
181
25
181
74
189
249
10
155
221
64
240
67
73
198
180
223
28
34
88
114
46
210
15
243
115
22
195
44
67
150
83
98
191
138
17
46
160
236
109
156
201
174
70
213
33
113
241
130
19
209
179
143
119
185
109
70
39
251
156
49
96
227
199
52
219
58
255
27
87
195
102
103
9
36
173
59
123
54
148
27
75
160
172
232
168
49
141
119
80
83
48
115
26
203
41
43
237
138
71
47
18
145
160
21
39
174
88
204
119
184
41
50
91
200
31
39
137
213
30
59
129
7
52
221
220
6
143
170
76
45
243
157
99
140
182
110
14
179
117
52
29
78
189
158
195
233
210
56
193
207
119
240
16
131
187
218
41
252
133
23
115
81
104
3
172
50
219
150
210
200
99
173
78
228
205
17
69
198
86
64
215
205
189
96
168
166
78
191
223
180
100
64
23
23
35
177
197
14
141
185
39
148
191
51
72
243
175
203
49
240
83
193
247
45
141
132
183
213
194
77
59
244
78
50
38
26
206
158
170
172
238
136
41
194
206
213
237
213
94
176
134
79
201
96
205
209
216
193
45
151
185
148
231
149
155
122
157
63
199
26
159
19
155
20
19
171
241
99
89
123
118
163
33
173
10
117
8
78
12
186
28
162
216
52
174
210
116
226
225
60
34
254
165
224
190
115
249
187
142
143
113
84
35
143
153
61
138
221
61
33
106
182
127
172
42
213
190
76
163
41
9
215
206
140
227
233
161
156
190
98
124
38
179
187
107
187
23
166
182
248
43
33
37
111
210
81
134
96
143
166
31
7
134
140
167
44
44
82
159
114
215
130
105
111
126
167
86
131
122
171
183
216
129
92
238
25
121
8
51
38
134
192
87
66
22
215
201
238
205
56
253
226
90
235
19
119
45
196
63
76
143
238
254
69
137
81
160
60
163
193
164
71
114
3
249
37
49
112
45
62
240
1
107
60
150
205
185
95
20
86
7
145
75
108
255
21
78
160
203
19
187
6
20
249
39
153
41
207
196
213
170
12
117
133
180
108
101
6
60
50
167
229
48
225
145
252
30
98
48
26
235
71
31
129
67
60
131
70
167
169
100
237
167
141
65
173
238
161
237
31
12
239
50
101
146
226
4
22
95
78
133
62
212
175
55
232
121
116
107
6
162
1
161
29
101
241
74
96
175
230
247
144
177
96
31
26
113
106
18
254
248
151
20
202
234
226
135
187
147
171
198
146
70
51
238
170
156
103
119
157
34
152
210
108
212
241
191
116
141
129
116
78
114
204
217
33
85
126
121
233
119
117
52
67
117
244
30
241
208
64
16
219
66
55
133
180
138
38
11
79
219
220
226
245
15
124
75
38
98
108
54
73
221
204
65
144
6
99
158
98
63
227
243
123
55
17
63
23
92
51
12
133
249
246
177
215
206
51
66
65
17
29
186
68
51
228
38
95
10
108
251
56
193
60
160
54
233
208
239
243
112
215
162
206
123
194
56
66
238
237
100
57
212
91
115
42
162
81
255
148
131
141
234
34
17
3
226
95
4
21
237
116
240
130
177
39
40
114
242
11
22
183
196
210
58
15
48
236
188
93
49
220
115
234
209
116
70
97
109
205
69
40
196
191
68
150
70
175
12
73
91
200
133
76
22
9
144
69
122
46
51
84
93
56
142
192
36
154
54
227
118
94
185
136
112
198
236
200
58
106
168
23
70
177
148
198
124
86
147
69
117
109
176
120
108
12
13
21
246
61
212
205
209
173
248
241
78
227
17
212
136
124
65
169
198
40
90
61
75
234
217
197
119
44
178
139
76
91
21
106
85
174
240
183
81
164
167
225
172
10
42
210
213
26
98
243
29
228
189
190
115
87
181
105
225
244
32
65
100
31
64
56
65
232
114
146
193
23
94
20
125
117
28
194
38
213
234
21
114
171
116
227
101
62
227
61
82
136
220
101
216
44
151
159
223
241
169
152
43
238
178
118
240
186
226
230
167
217
151
136
117
150
205
25
227
186
156
155
189
248
182
239
139
193
73
103
58
66
47
39
45
87
127
186
202
210
229
240
23
211
81
100
81
40
137
60
28
229
245
218
143
199
159
102
77
76
189
141
205
73
216
171
109
122
95
178
244
17
46
96
129
204
126
203
30
147
227
132
50
126
16
128
73
242
170
182
39
114
105
74
155
17
24
197
45
20
52
28
137
205
136
230
71
150
140
64
161
186
77
25
111
78
191
161
157
127
76
10
165
130
17
51
29
184
152
225
144
158
46
144
41
25
13
219
105
116
235
139
64
162
36
84
162
20
91
106
159
237
232
215
213
128
25
169
11
163
107
74
46
14
248
11
231
250
69
156
151
171
200
186
98
39
182
20
0
54
62
69
126
197
166
7
36
194
170
100
233
242
22
107
7
44
73
246
183
166
51
84
76
39
178
96
117
64
52
43
133
30
204
60
21
26
33
249
196
37
240
197
64
128
235
4
120
219
69
207
116
231
89
57
224
131
34
98
47
16
35
238
152
139
97
12
255
213
123
88
88
70
32
10
11
64
95
195
133
9
135
127
162
65
158
173
61
69
7
37
10
255
226
161
43
212
96
178
122
213
80
121
125
93
184
79
35
19
74
162
81
13
61
176
42
90
112
79
223
235
120
22
95
128
207
72
130
210
94
248
37
202
156
238
45
124
53
72
99
202
231
24
208
51
50
227
30
126
62
203
156
210
167
139
17
150
190
26
121
186
224
77
44
98
173
172
107
164
191
60
162
73
188
105
63
80
43
224
167
178
244
156
18
117
81
125
237
6
91
193
26
132
240
123
183
46
226
143
126
122
34
132
235
248
184
232
3
152
182
0
97
63
248
45
38
153
71
137
247
20
203
226
227
92
255
248
92
71
109
94
131
213
184
45
156
228
35
31
68
237
192
90
193
116
26
68
1
69
117
99
189
228
199
39
98
110
78
227
150
136
5
9
142
72
156
79
182
18
180
113
36
184
238
154
97
83
81
191
193
43
251
5
170
175
224
167
30
182
175
85
63
173
85
5
217
49
114
88
47
103
107
35
251
161
246
19
14
64
46
14
66
212
30
7
146
121
38
70
39
136
8
1
188
218
230
99
43
246
120
168
37
181
165
149
166
198
111
116
27
182
53
185
169
81
61
128
163
146
163
246
97
186
211
113
45
123
38
214
10
253
170
176
94
128
90
12
17
166
120
111
68
244
248
198
48
30
156
31
86
148
123
97
163
88
76
229
92
65
207
244
100
41
216
238
78
249
118
200
98
30
221
73
185
251
39
139
75
95
26
77
41
59
225
157
255
122
219
131
140
36
65
15
172
91
217
164
145
9
220
186
10
28
138
204
114
78
185
199
53
117
24
245
192
44
247
108
128
153
160
114
81
89
220
3
220
154
116
196
93
31
222
142
231
237
21
121
50
109
253
23
113
207
81
1
79
168
69
221
131
14
58
181
138
70
210
226
56
242
168
163
197
38
1
187
241
38
151
58
60
176
66
15
3
26
206
219
48
77
195
12
237
17
118
182
141
175
226
108
240
188
203
113
40
246
133
67
135
245
59
30
67
43
184
191
0
114
59
183
235
198
39
171
154
143
89
83
206
86
240
142
86
138
169
95
47
209
239
24
81
24
236
245
128
157
199
206
198
116
86
10
173
86
91
233
48
206
77
205
161
57
73
184
76
167
131
196
174
214
236
137
225
74
130
231
212
23
40
168
213
152
158
93
193
208
70
246
27
21
203
150
109
236
34
162
21
52
142
191
152
227
195
115
226
14
230
112
226
84
154
181
167
180
235
246
216
58
203
35
185
36
226
143
89
61
227
73
165
167
131
215
42
102
16
196
119
71
73
99
113
151
119
194
158
80
116
171
67
177
241
182
147
104
236
151
108
162
74
86
219
32
189
234
14
184
115
161
149
104
37
118
184
114
169
118
45
103
32
48
90
100
197
229
177
161
51
15
189
186
189
146
142
244
78
141
17
208
127
39
19
136
122
200
75
31
44
30
128
99
183
191
155
72
77
188
178
212
237
171
86
222
243
232
100
119
18
146
80
23
238
215
94
99
227
157
195
139
229
127
89
109
180
211
211
22
218
154
191
119
119
220
26
187
186
163
71
100
109
113
126
165
145
53
73
9
199
28
197
46
74
244
214
197
227
143
232
144
108
221
80
206
161
174
23
113
223
127
223
53
239
167
185
101
96
106
145
24
242
207
182
143
45
132
93
163
92
105
17
236
122
7
207
61
37
167
208
105
55
97
20
83
82
22
37
233
211
106
93
222
119
102
179
114
177
215
57
134
46
156
17
85
88
150
198
182
91
23
32
54
128
218
239
139
48
42
110
26
54
168
91
124
207
163
164
221
240
109
138
94
47
44
12
223
123
245
189
241
108
190
25
108
35
19
55
61
34
247
107
26
209
222
249
236
86
160
151
121
128
53
8
241
69
247
160
158
145
45
237
53
16
106
76
0
207
134
220
152
75
11
187
165
125
239
93
89
47
109
94
134
125
54
224
61
58
116
227
58
82
120
244
24
121
78
87
208
21
77
201
153
17
73
198
73
18
14
174
110
88
178
118
171
189
63
202
148
63
52
186
91
58
115
238
173
126
54
86
71
247
37
106
243
25
185
220
23
102
162
122
26
185
201
11
124
42
159
33
123
152
77
18
21
160
47
189
96
43
169
62
136
124
140
193
174
66
242
153
218
58
183
61
7
204
82
182
190
213
5
81
200
56
194
167
184
62
173
153
2
132
157
113
86
242
197
133
155
24
117
27
136
242
231
199
182
192
29
142
221
148
109
111
237
67
161
64
46
8
182
205
17
62
44
182
216
206
150
174
166
8
103
214
114
185
197
89
120
247
194
191
249
69
74
111
9
208
130
53
206
11
19
39
69
4
143
12
38
73
255
254
225
67
101
18
87
107
224
235
85
49
221
104
77
22
121
67
234
114
89
88
124
18
71
232
23
170
250
195
196
64
16
26
235
111
242
161
110
122
42
255
237
123
105
161
70
135
45
157
182
84
173
84
7
151
4
73
119
223
17
67
33
198
125
57
100
112
144
206
130
137
250
127
34
159
249
243
51
72
229
252
130
49
55
232
205
57
174
2
161
15
2
147
130
34
196
227
85
175
44
196
238
55
171
168
85
254
69
146
105
195
253
121
60
84
230
198
147
174
28
144
72
245
228
95
11
53
204
153
252
182
174
240
224
66
92
216
236
147
70
83
176
101
112
62
214
144
245
179
40
83
94
64
251
23
153
154
184
75
57
140
248
137
36
221
16
139
238
93
216
182
43
106
109
21
192
62
134
136
222
208
211
246
232
66
216
137
107
68
247
199
101
149
197
98
26
254
42
120
98
163
160
52
130
76
38
152
117
122
160
27
196
141
160
161
224
176
158
155
164
34
181
205
126
201
176
113
189
135
28
147
75
212
218
52
70
227
239
249
199
242
218
246
70
135
229
241
146
248
211
144
25
36
200
71
84
87
78
202
214
132
189
173
157
115
99
50
54
18
144
39
148
149
118
145
30
228
35
232
203
100
195
119
37
105
222
65
62
152
152
11
232
63
129
160
255
103
148
170
171
128
130
63
205
213
85
208
183
252
128
6
145
213
6
148
95
163
53
143
23
33
113
47
123
190
86
43
235
169
200
28
58
154
181
22
197
213
233
54
210
47
231
52
197
179
72
99
63
33
125
62
39
133
110
49
157
48
57
167
47
62
39
233
124
112
15
30
8
29
182
53
170
167
60
68
175
172
116
50
52
240
109
203
112
241
95
185
213
218
83
236
27
194
232
113
207
171
52
208
147
51
142
165
81
5
30
139
129
130
177
85
54
166
118
167
207
149
224
193
150
51
67
49
248
210
101
163
160
241
103
223
229
185
54
18
161
83
129
16
228
28
73
79
138
44
160
170
17
32
85
233
198
205
217
128
10
190
35
82
235
250
100
143
217
251
25
204
158
68
206
65
159
97
132
209
155
207
252
38
241
250
236
146
249
232
201
165
104
184
228
165
206
71
139
156
41
82
172
178
138
63
246
214
21
119
217
135
165
254
69
97
152
36
97
13
109
81
78
1
79
98
153
5
89
28
84
163
144
190
9
219
20
55
132
111
90
124
44
227
213
45
110
3
163
91
107
255
113
206
185
51
90
134
13
141
37
175
94
154
200
58
48
29
17
236
175
232
100
180
76
7
145
27
123
205
47
114
105
188
217
252
208
128
115
208
76
14
184
32
81
159
125
98
110
37
79
21
110
98
230
123
96
27
5
63
33
197
18
178
240
110
159
213
96
65
66
90
129
119
106
250
191
84
219
1
184
63
76
161
74
40
50
8
161
229
227
68
93
43
49
189
195
194
199
161
66
137
88
180
241
16
32
90
167
140
33
176
52
241
163
100
255
21
160
241
241
