0.00077882 0.00079842 0.00077934 0.00073263 0.00076979 0.00079841
 0.00081267 0.00074537 0.00081298 0.00080229 0.00082819 0.00080576
 0.00077731 0.00079318 0.00074612 0.00077282 0.00082426 0.00076228
 0.00082132 0.00080595 0.00077543 0.00079845 0.00081735 0.00078823
 0.00081079 0.00068515 0.00079966 0.0007955  0.00070554 0.00090017
 0.00082618 0.00076659 0.0008015  0.00079333 0.00077676 0.00083689
 0.0007496  0.00080281 0.00077708 0.00081224 0.00081008 0.00075948
 0.00080139 0.00081175 0.00076761 0.00076444 0.00079533 0.00076362
 0.00077677 0.00081232 0.00076692 0.00078793 0.00081056 0.0007995
 0.00078963 0.00079846 0.00076969 0.00073061 0.00080151 0.00074627
 0.00079596 0.0007852  0.00083395 0.00077229