0.0001804  0.00022176 0.0001803  0.00023261 0.00019689 0.00022147
 0.00019041 0.00018041 0.00020972 0.0002227  0.00020544 0.00022413
 0.00022643 0.0002178  0.00018022 0.00018073 0.00018009 0.00018755
 0.00021762 0.00017994 0.00023614 0.00020668 0.00018016 0.00019657
 0.00021768 0.00025017 0.00019345 0.00023004 0.00020895 0.00019967
 0.00022805 0.00018042 0.00017872 0.00017936 0.00021053 0.00020358
 0.00027919 0.00018005 0.00017906 0.0002213  0.00020569 0.00022517
 0.00017971 0.00019814 0.00018899 0.00022566 0.0001803  0.0001956
 0.00017934 0.00019973 0.00022056 0.00022531 0.00018023 0.00021431
 0.00022145 0.00017892 0.00022845 0.00029104 0.00018044 0.00023443
 0.00021317 0.00017911 0.00019155 0.00020999 0.00021688 0.00020521
 0.00021847 0.00017979 0.00022445 0.0001778  0.00020083 0.00017924
 0.000257   0.00017982 0.00021878 0.00017993 0.00020478 0.00021915
 0.00020825 0.00023461 0.00020426 0.00020474 0.00021249 0.00018852
 0.00018014 0.00020868 0.00024182 0.00022955 0.00022661 0.00020084
 0.00023061 0.0002245  0.00019448 0.00020901 0.00017901 0.00019233
 0.00019733 0.00022294 0.00019317 0.00022401 0.00022274 0.00018043
 0.00019704 0.0001798  0.00018454 0.00018226 0.00022359 0.00018009
 0.00022549 0.00022727 0.00017948 0.00018036 0.00021675 0.0002182
 0.00017938 0.0002172  0.00021838 0.00022329 0.00020921 0.00021271