0.00003311 0.00003816 0.00005287 0.00003454 0.00003352 0.00003868
 0.00003645 0.00005324 0.00003771 0.00003904 0.00005029 0.00003941
 0.0000362  0.00004613 0.00003915 0.00003947 0.00003207 0.00003703
 0.00003675 0.0000341  0.00003286 0.00003317 0.00003697 0.00003792
 0.00003207 0.00003307 0.00004011 0.00003848 0.0000343  0.00003381
 0.00003207 0.00004225 0.00004004 0.00004717 0.00003736 0.0000333
 0.00003339 0.00004383 0.00003766 0.0000548  0.00003713 0.00003638
 0.00003413 0.00003293 0.00003825 0.00003637 0.00003317 0.0000495
 0.00003837 0.00004008 0.0000368  0.00003301 0.00003765 0.00003707
 0.00003207 0.00004011 0.00003905 0.000042   0.00003274 0.00003349
 0.00003841 0.00003394 0.00003421 0.00003372 0.00004284 0.00003665
 0.00003919 0.00003333 0.00003788 0.00004353 0.00003705 0.00003867
 0.00003369 0.00003432 0.0000385  0.00003638 0.00003394 0.00003309
 0.00004198 0.00003588 0.0000364  0.00003423 0.00003576 0.00003409
 0.00003453 0.00003285 0.00003316 0.00004191 0.00003833 0.0000369
 0.00004613 0.00003282 0.00003206 0.00003461 0.00003764 0.00003383
 0.00003303 0.00003611 0.00003811 0.00003941 0.0000336  0.00003463
 0.00004339 0.00003205 0.00003788 0.00003696 0.00004    0.00003883
 0.00004083 0.00003364 0.00003932 0.00003962 0.00003369 0.00003777
 0.00003593 0.00003753 0.00004105 0.00003307 0.00003329 0.00003404
 0.00004289 0.00004009 0.00004135 0.00004131 0.00003808 0.00003873
 0.00003671 0.00003333 0.00003303 0.00004287 0.00003507 0.00003341
 0.00004093 0.00003616 0.00003804 0.00004105 0.00003835 0.00005579
 0.00003946 0.00003748 0.00003779 0.00004061 0.00004016 0.00003702
 0.00004109 0.00003399 0.00003804 0.00003439 0.00003206 0.00003375
 0.00003567 0.0000379  0.00004071 0.00003718 0.00003791 0.00003517
 0.00003595 0.00003703 0.00003562 0.0000404  0.00003206 0.00003693
 0.00003337 0.00003634 0.00003909 0.00003567 0.00003306 0.00003807
 0.00006414 0.00003382 0.00003353 0.00003293 0.00003609 0.0000339
 0.00004064 0.00003875 0.00003341 0.00003398 0.00004127 0.00003637
 0.00003711 0.00003885 0.00003862 0.0000337  0.00003304 0.00003635
 0.00008136 0.00003657 0.00004906 0.00003983 0.00003336 0.00003674
 0.00003347 0.00004971 0.00003573 0.000036   0.00003635 0.00003708
 0.00004342 0.00003418 0.0000334  0.00003684 0.00003399 0.00003718
 0.00003871 0.00003962 0.00003205 0.00003269 0.00003298 0.00004554
 0.00003536 0.00003354 0.00003814 0.00003578 0.00003692 0.00003207
 0.00004111 0.00003546 0.00003979 0.00004156 0.00003686 0.00003955
 0.00003796 0.00003569 0.00004    0.00003847 0.00003314 0.00003801
 0.00003332 0.000042   0.00003707 0.000032   0.00003278 0.00003798
 0.00003631 0.00003709 0.0000333  0.00004198 0.0000389  0.00003413
 0.00003205 0.00004002 0.00003336 0.00003714 0.00004061 0.00003204
 0.00004185 0.00004239 0.00003576 0.00003299 0.00003793 0.00003393
 0.00003347 0.00012748 0.0000336  0.00003727 0.00004443 0.00004179
 0.00004018 0.00004004 0.00003405 0.00003946 0.00003983 0.00003396
 0.00003791 0.00003394 0.0000392  0.00003696 0.00003734 0.00008593
 0.00003323 0.00003665 0.00004565 0.00003502 0.00003318 0.00003778
 0.00003831 0.00003786 0.00003378 0.0000334  0.00003894 0.00003681
 0.0000342  0.00003744 0.00003422 0.00003415 0.00003397 0.0000404
 0.00003584 0.00003337 0.00003803 0.00003599 0.00003538 0.00003692
 0.00003399 0.0000364  0.00003809 0.00003336 0.00004773 0.00003729
 0.00003338 0.00003687 0.00003732 0.00003315 0.00003366 0.00003427
 0.00004216 0.00003359 0.00003636 0.0000511  0.00004085 0.00003808
 0.00003306 0.00004819 0.00003549 0.00003572 0.00003384 0.00003525
 0.00003384 0.00003883 0.00003735 0.00003599 0.00003351 0.00003612
 0.0000335  0.00003973 0.00004041 0.00003847 0.00004443 0.00003812
 0.00003817 0.00005275 0.0000364  0.00003639 0.00003862 0.00003632
 0.00003594 0.0000332  0.00003483 0.00003331 0.0000398  0.00003695
 0.00003693 0.00003461 0.00003719 0.00003724 0.00003657 0.00003717
 0.00003338 0.00003352 0.00004804 0.00003913 0.00003778 0.00004218
 0.00003981 0.00003599 0.00004173 0.00003917 0.00004181 0.00003725
 0.00003522 0.0000362  0.00004025 0.00003905 0.00003576 0.0000721
 0.00003762 0.00003737 0.0000336  0.00004435 0.00003292 0.00003859
 0.00004144 0.00003797 0.00003308 0.00003311 0.00004425 0.00003994
 0.00003874 0.00003579 0.00003823 0.00003841 0.00003407 0.00003523
 0.00003839 0.00003367 0.00004504 0.00003736 0.00003479 0.00003755
 0.00003341 0.00004002 0.00004394 0.00004379 0.00003521 0.00003625
 0.00003315 0.00003957 0.00003747 0.00003315 0.00003903 0.0000375
 0.00003331 0.00003348 0.00003829 0.00003372 0.00003639 0.00003714
 0.00003207 0.00003675 0.00004027 0.00003841 0.00004403 0.00003666
 0.00003285 0.00003346 0.00003206 0.00003336 0.00003532 0.00003831
 0.00003613 0.00005149 0.00003866 0.00004035 0.00003676 0.00003861
 0.00003949 0.00003353 0.00003749 0.00003527 0.00003204 0.00003744
 0.00004383 0.00011718 0.00003283 0.00003588 0.00006218 0.00003627
 0.00004004 0.000205   0.0000427  0.00003615 0.00003592 0.00004999
 0.00003744 0.00003301 0.00004034 0.00004005 0.00006425 0.00004081
 0.00003729 0.0000477  0.00003845 0.00003324 0.00003322 0.00003505
 0.000038   0.00004562 0.00003418 0.00003362 0.00003303 0.00003286
 0.00003623 0.00003955 0.0000335  0.00003397 0.00003283 0.00004083
 0.00003776 0.00004054 0.00003315 0.00004032 0.00003548 0.00003369
 0.00003536 0.00003345 0.00003395 0.00003786 0.00004385 0.00008053
 0.00003888 0.00003895 0.00003723 0.00003408 0.00003377 0.00003438
 0.00003718 0.00003728 0.00003699 0.00004526 0.00003318 0.00003665
 0.00004299 0.00003772 0.00003724 0.00003331 0.00003314 0.0000399
 0.00003383 0.00003784 0.0000333  0.00003376 0.00003206 0.00004621
 0.00003207 0.00003363 0.0000329  0.00004218 0.00003842 0.00004026
 0.00003388 0.00003363