0.00084052 0.00096284 0.00108769 0.00095707 0.00109863 0.00095219
 0.00118449 0.00092308 0.00094844 0.00101364 0.0009663  0.00098263
 0.00121187 0.00137099 0.00085183 0.00111289 0.00111476 0.00104695
 0.00112814 0.00108801 0.00110611 0.00100827 0.00112211 0.0011425
 0.00093636 0.00100956 0.00118676 0.0011418  0.00097177 0.00102924
 0.00129905 0.00085756 0.00102516 0.00103305 0.00090373 0.00108363
 0.00099717 0.00087679 0.00122071 0.00091902 0.00089659 0.00116935
 0.00104294 0.0013166  0.00116025 0.00100585 0.00113885 0.00107612
 0.0012889  0.00117203 0.00093186 0.00094315 0.00095739 0.00111226
 0.0011265  0.00109924 0.00098783 0.0010782  0.00096346 0.00100098
 0.0012397  0.00101226 0.00124629 0.00120289