0.00076539 0.0008037  0.00093767 0.00099758 0.00079967 0.00093257
 0.00094313 0.0007975  0.00108092 0.00082059 0.001264   0.00097471
 0.00083536 0.00096309 0.00082029 0.00092125 0.00106585 0.00108216
 0.0010414  0.00109076 0.00050905 0.0011057  0.00092831 0.0009743
 0.00095858 0.00096685 0.0005268  0.00088365 0.00098746 0.00095227
 0.00110499 0.0008243  0.00096651 0.00101752 0.00086772 0.00102806
 0.00079414 0.00088929 0.0010192  0.00079549 0.00088807 0.00094572
 0.00092601 0.0009948  0.00104325 0.00097938 0.00099995 0.00081104
 0.00089933 0.00077073 0.00096251 0.00087361 0.00088089 0.00079934
 0.00079053 0.00090785 0.00097381 0.00091743 0.00094555 0.00102881
 0.00082161 0.0008675  0.00095302 0.00093847 0.00118375 0.00091072
 0.00108029 0.00079232 0.00103147 0.00094975 0.00123575 0.00082303
 0.00105842 0.00081353 0.00099795 0.00087533 0.00101207 0.00053364
 0.00055785 0.00090004 0.00053471 0.00093949 0.00103744 0.00089341
 0.00080522 0.00098002 0.0008943  0.00087143 0.00096802 0.00082576
 0.00083994 0.00101201 0.00052323 0.00092478 0.0010511  0.00088026
 0.00085835 0.00085311 0.00099475 0.00095059 0.0008454  0.00076434
 0.00103475 0.00089113 0.00136643 0.0005532  0.00091711 0.00098373
 0.00109297 0.00087756 0.0009305  0.0013904  0.00106578 0.00102568
 0.00104417 0.00083022 0.00052876 0.00088385 0.0009869  0.00094401
 0.00094996 0.00090668 0.0009989  0.00090912 0.00081237 0.00105884
 0.00092401 0.00083952