0.00125514 0.00121779 0.00122683 0.00125123 0.00103792 0.00127105
 0.00128611 0.00113666 0.00114616 0.00119175 0.00124026 0.00114099
 0.00112817 0.00125533 0.00123611 0.00105894 0.00143372 0.00141028
 0.00123007 0.00133289 0.00137105 0.00114983 0.00130448 0.00102979
 0.00118073 0.00110512 0.00115786 0.00104795 0.0012134  0.00115331
 0.00104592 0.0010837  0.00133183 0.00104209 0.00124883 0.00122737
 0.00127826 0.00119094 0.00130599 0.00115452 0.00099757 0.00149335
 0.00145212 0.00103338 0.00131136 0.00101025 0.00134848 0.00117888
 0.00111651 0.00103221 0.0011978  0.00116287 0.00116957 0.00140074
 0.00109937 0.00129097 0.00136248 0.0010472  0.00115752 0.00121069
 0.0008425  0.00147827 0.00134091 0.00099491 0.00123391 0.00104892
 0.00122655 0.00111683 0.00081624 0.00127488 0.00141791 0.00081565
 0.00101349 0.00128364 0.00080352 0.00107643 0.00104852 0.00134492
 0.0010802  0.00119121 0.00108052 0.00116485 0.00124118 0.00109053
 0.00106468 0.00106863 0.0009706  0.0012353  0.00108394 0.00111592
 0.00113636 0.0012121  0.00125414 0.00120123 0.00107742 0.00112678
 0.00122068 0.00118919 0.00100725 0.00117553 0.00120439 0.00122478
 0.00104904 0.00118844 0.00127668 0.00102791 0.00104172 0.00106305
 0.00116503 0.00109074 0.00122584 0.001133   0.00114631 0.00107808
 0.00127253 0.00133524 0.00115669 0.00108634 0.00142058 0.00109297