0.00092967 0.0007675  0.00090008 0.00083824 0.00086565 0.0007504
 0.00062    0.00064964 0.00072937 0.00086768 0.00088508 0.00075499
 0.00082398 0.00082439 0.00070635 0.00075367 0.00080015 0.00065119
 0.00058536 0.00075093 0.00063892 0.00083319 0.00074337 0.00069693
 0.00077587 0.00065263 0.00097307 0.0008643  0.00068944 0.00095298
 0.00070469 0.00074352 0.00069455 0.00069127 0.00097099 0.00077401
 0.00082506 0.00070358 0.00078418 0.00065518 0.00065304 0.0007584
 0.00070194 0.00098666 0.0007881  0.00075539 0.00085568 0.00076428
 0.00088952 0.00080357 0.00061335 0.00086711 0.00067107 0.00084558
 0.00071902 0.00073754 0.00070117 0.00073684 0.00081643 0.0008838
 0.0007133  0.00096846 0.00083163 0.00071916 0.00070917 0.00065014
 0.00081711 0.00132959 0.00075736 0.00071306 0.00096791 0.00072842
 0.00072124 0.00085026 0.00098209 0.00125137 0.00047618 0.00068364
 0.00075704 0.00066771 0.00068986 0.00084759 0.00094193 0.0007246
 0.00095563 0.00086269 0.00084203 0.00083951 0.00084202 0.0008654
 0.00076562 0.00070933 0.0006501  0.00047161 0.00068696 0.000879
 0.00080673 0.00075524 0.0008217  0.00100859 0.00070414 0.00071662
 0.00089928 0.00048807 0.00100667 0.00072862 0.00101415 0.00062327
 0.00133552 0.00085954 0.00084315 0.00078172 0.00076589 0.00078169
 0.00076025 0.00087443 0.00071546 0.00095492 0.00069761 0.00069224
 0.00094567 0.00101632 0.00079169 0.00087975 0.00047152 0.00082674
 0.00073451 0.00089393 0.0007487  0.00079615 0.00082476 0.00074815
 0.00092943 0.00090093 0.00088632 0.00075167 0.0008782  0.00077198
 0.00078608 0.0007758  0.00075445 0.00075544 0.00073034 0.00098631
 0.00083134 0.00074687 0.00068393 0.00087616 0.00068227 0.00050692
 0.00100093 0.0007469  0.00062871 0.00073011 0.00075212 0.00081221
 0.0007692  0.00082843 0.0008441  0.00074891 0.0007927  0.00093348
 0.00061687 0.00111963 0.00086438 0.00082193 0.00062235 0.00096796
 0.00070078 0.000896   0.0010313  0.00069718 0.00058576 0.00069429
 0.00074621 0.00076016 0.00068371 0.00087178 0.00085632 0.00069669
 0.00074203 0.00086454 0.00079492 0.00073879 0.00106311 0.00079262
 0.00076044 0.00070447 0.00069154 0.00093278 0.00071925 0.00052971
 0.00089902 0.00070099 0.00143674 0.00075118 0.00087533 0.00082612
 0.00078295 0.00075349 0.00113573 0.00078145 0.00064839 0.00090511
 0.00084411 0.0007058  0.00081235 0.00068999 0.00084269 0.00079423
 0.00072992 0.0007054  0.00078051 0.00084919 0.00066948 0.00086366
 0.00080224 0.000951   0.00080292 0.00092216 0.00072745 0.00096259
 0.00077681 0.00084638 0.00074351 0.0007076  0.0005304  0.00082006
 0.00089248 0.00075243 0.00076303 0.00093972 0.0008004  0.00081814
 0.00092181 0.00070805 0.00082058 0.00085122 0.00092828 0.00075334
 0.00080386 0.00075769 0.00106056 0.00086744 0.00066359 0.00064515
 0.00066598 0.00082898 0.0007834  0.00093579 0.00045809 0.00072655
 0.00048833 0.00100542 0.00054503 0.00075366