181
211
138
126
97
248
194
203
76
55
193
208
225
130
129
113
117
46
190
84
197
127
163
129
156
209
79
150
192
255
193
199
219
253
67
126
29
176
197
98
36
151
76
201
45
127
125
183
80
216
41
75
201
205
132
113
193
190
147
82
64
216
158
47
79
127
53
116
76
166
43
164
145
137
184
93
209
39
126
179
121
81
93
208
172
141
86
121
124
185
113
154
128
127
125
84
213
204
113
196
229
99
74
99
146
160
168
64
121
137
239
81
241
102
78
101
102
108
73
184
130
177
210
71
133
66
90
103
155
234
128
123
63
133
26
208
162
33
54
21
69
59
62
32
114
156
233
82
200
165
141
164
178
27
187
73
205
255
51
250
120
117
145
214
176
250
199
174
55
159
170
76
229
201
162
69
179
110
139
157
187
201
175
126
82
69
56
39
134
131
67
91
105
50
109
68
187
185
208
70
92
90
183
195
104
57
76
38
59
48
219
183
227
151
37
79
62
234
182
163
127
154
66
139
92
179
85
99
180
46
220
63
43
220
150
246
103
81
200
190
182
131
69
94
18
184
163
188
237
134
33
41
126
89
50
199
70
150
161
159
102
68
61
101
154
199
208
83
172
97
86
213
194
235
169
66
128
189
148
154
148
208
54
76
190
105
124
216
75
64
82
68
83
92
199
65
67
173
172
143
73
138
81
177
227
120
169
162
220
51
243
133
179
142
216
144
205
199
214
103
152
165
73
80
78
111
179
181
176
176
130
22
161
42
52
185
169
191
141
229
30
208
96
66
70
179
215
190
71
90
123
184
101
175
66
226
223
183
183
192
200
37
149
50
74
111
118
48
215
224
100
98
112
137
146
72
100
71
57
181
18
183
145
209
73
142
47
69
127
77
153
222
202
123
130
145
172
81
81
64
189
40
100
28
101
174
100
62
126
152
124
120
112
116
0
59
105
124
104
50
129
103
34
126
16
61
50
39
85
43
158
132
180
118
83
56
43
45
168
198
164
170
205
125
59
161
185
124
161
122
54
50
67
104
140
124
132
145
0
90
72
97
110
139
118
130
142
65
74
103
109
129
81
182
131
65
66
175
165
64
85
168
95
172
160
147
178
124
173
178
146
159
127
178
116
103
73
220
169
46
133
147
168
210
162
210
77
135
81
169
55
149
51
179
213
180
167
138
125
70
203
73
76
109
115
198
115
84
164
195
193
166
105
69
136
181
137
104
125
119
97
112
114
54
154
60
151
175
154
211
79
203
117
64
101
177
49
43
130
172
187
69
88
138
125
146
62
179
68
46
169
61
155
149
54
109
153
126
192
210
185
158
141
80
159
127
140
170
197
127
111
205
214
165
188
62
100
69
176
127
44
99
4
167
179
236
68
168
186
165
104
165
198
56
174
62
118
104
119
219
145
85
182
141
30
159
166
110
72
72
162
185
205
178
110
46
130
48
65
73
155
165
207
39
118
29
48
19
53
107
233
169
45
230
182
58
163
98
135
55
58
40
192
83
67
108
82
52
189
126
193
201
163
240
69
145
97
58
179
49
235
126
221
71
124
67
105
57
170
176
104
161
66
47
120
79
123
86
70
205
123
71
166
60
97
211
70
77
61
180
118
151
117
83
190
215
108
151
201
127
121
27
31
201
167
162
255
89
181
237
102
110
164
52
96
148
137
124
163
76
153
180
226
161
223
122
176
121
55
104
217
66
173
182
147
152
241
151
201
197
215
126
99
119
147
123
65
186
164
255
218
150
75
111
137
236
232
227
129
121
222
115
95
26
67
131
236
89
124
74
43
182
113
137
216
128
178
34
45
201
143
225
83
78
177
77
73
162
143
66
219
45
87
136
52
48
72
205
67
236
107
188
130
128
136
154
209
202
225
110
59
172
177
104
113
64
44
51
85
84
174
145
84
65
149
23
195
103
194
63
228
88
165
205
95
162
255
238
73
192
180
250
95
108
85
221
179
211
83
252
160
153
132
177
137
97
202
81
43
235
184
75
137
163
196
112
89
130
238
129
132
180
104
81
141
28
220
57
178
148
145
78
170
191
194
171
125
86
132
49
218
199
203
180
171
66
157
70
73
207
221
79
130
175
216
39
199
167
156
202
23
183
205
204
144
120
57
93
88
191
148
22
77
192
169
188
62
216
78
65
76
122
74
55
188
45
199
201
180
137
146
182
123
119
23
72
153
227
190
101
227
59
187
34
91
241
215
118
52
113
191
75
170
221
42
216
216
143
41
132
187
72
184
143
223
218
59
225
218
151
211
35
58
58
255
64
181
161
112
50
34
145
80
73
137
53
174
148
216
77
210
91
221
243
225
203
125
71
201
25
176
175
38
181
149
146
194
227
160
130
78
93
54
77
111
143
46
215
121
222
219
255
249
117
80
158
81
211
128
166
246
71
239
49
170
70
179
182
161
115
140
70
99
33
209
195
177
143
165
161
132
149
90
150
174
227
174
217
236
198
166
178
196
88
95
219
71
134
135
76
151
199
187
118
185
164
137
91
39
134
110
49
203
80
101
198
67
97
120
190
163
155
147
50
137
186
36
39
42
53
59
185
113
41
72
214
35
171
207
121
69
160
66
167
45
42
45
36
202
193
166
121
243
41
239
224
237
94
165
213
160
145
90
180
212
78
159
172
191
111
219
122
37
105
88
186
189
76
79
50
161
83
225
136
113
223
168
213
210
63
164
214
52
230
194
40
195
172
140
105
121
178
207
249
216
253
122
187
195
227
243
137
209
102
60
54
198
255
106
235
206
204
107
143
97
115
212
83
36
141
184
179
164
196
72
120
47
137
193
157
10
183
72
214
170
203
50
164
117
222
181
137
170
143
105
212
24
119
65
168
71
162
53
166
201
233
177
165
69
212
113
194
130
139
48
213
132
137
60
65
39
176
176
164
123
204
88
119
170
222
44
26
233
115
208
220
236
246
61
144
80
187
92
79
254
163
99
229
215
208
61
119
99
239
171
11
205
130
158
69
74
37
76
60
65
30
32
209
196
135
228
209
219
217
51
172
152
22
8
139
192
117
154
155
201
113
75
98
145
157
69
119
174
107
75
126
179
87
56
122
44
84
191
112
140
147
144
90
73
79
75
131
47
172
106
184
59
61
0
122
95
45
115
174
121
174
221
50
210
124
125
68
60
202
171
202
228
191
176
183
144
77
65
232
194
107
180
230
144
163
76
199
131
34
51
74
39
215
152
78
142
174
89
128
153
105
89
89
60
111
182
160
31
46
111
174
92
37
60
87
22
96
181
50
218
155
166
48
207
207
220
182
111
80
105
136
132
213
72
230
82
120
154
131
86
207
183
73
121
194
234
122
168
138
229
60
96
215
51
103
212
122
170
107
149
217
175
142
199
79
190
27
134
202
240
136
172
218
98
44
125
67
124
174
68
50
46
56
106
110
121
0
87
124
53
78
37
164
100
78
152
143
43
98
105
167
111
93
175
118
94
188
186
240
135
92
70
181
137
139
151
52
84
185
85
99
62
140
140
56
67
143
57
93
135
172
72
140
141
45
62
127
162
111
64
210
69
140
196
110
146
148
121
169
111
76
234
130
219
211
224
68
241
151
123
206
103
179
228
180
153
86
128
91
67
144
147
98
76
202
105
152
37
144
45
76
73
97
70
44
207
82
102
40
128
110
90
83
193
100
155
130
188
177
109
212
102
68
113
99
132
229
136
190
219
161
61
166
147
147
136
171
101
208
52
50
108
90
79
201
57
180
126
127
183
43
168
166
189
164
101
228
138
143
43
46
199
246
162
30
48
174
245
192
44
93
68
144
147
148
177
187
179
103
180
94
79
119
71
190
124
180
179
51
151
188
180
73
129
166
117
86
86
106
130
104
91
111
113
65
169
169
132
158
149
99
141
109
118
149
100
79
184
197
162
90
107
79
77
176
164
171
211
182
194
89
156
181
157
89
75
147
107
135
76
66
117
191
188
88
121
135
23
133
240
138
97
48
84
226
184
192
22
108
147
92
122
82
95
222
152
114
0
117
111
206
148
102
99
61
64
186
72
127
169
57
162
147
144
71
187
111
117
97
82
155
64
127
147
131
171
141
58
178
48
28
176
171
208
170
67
201
215
162
170
104
109
107
230
74
125
85
168
90
192
72
95
68
211
94
97
215
139
93
157
110
69
168
160
199
199
123
134
88
78
101
195
70
141
112
109
55
174
205
209
203
109
45
67
81
201
65
225
66
225
170
137
132
192
124
74
88
48
82
59
131
71
44
59
88
191
206
97
133
171
144
172
136
208
80
34
214
182
191
182
185
204
188
50
139
194
208
139
217
244
248
159
119
187
115
88
154
195
118
255
164
194
139
212
107
171
151
184
140
85
101
128
203
98
103
87
201
64
66
172
62
176
152
98
124
180
47
59
40
160
154
122
93
46
213
29
190
48
77
59
129
69
29
129
101
38
79
17
62
0
62
112
134
107
35
123
48
135
129
85
84
65
179
36
93
177
177
126
142
161
96
96
49
48
136
97
114
184
146
190
202
133
157
144
109
92
205
190
188
189
176
58
177
98
63
129
124
217
139
71
207
68
195
222
226
137
163
150
52
137
203
88
72
214
84
146
45
154
172
112
80
130
145
68
114
161
164
75
41
81
150
125
89
202
91
177
184
70
36
8
44
199
61
201
133
56
186
150
74
68
193
116
132
129
43
117
75
207
133
219
47
96
42
81
92
151
180
183
209
131
140
60
72
221
135
206
88
106
212
73
129
185
94
65
72
107
168
111
48
130
147
133
147
59
103
61
120
76
139
126
107
123
167
62
86
110
121
102
30
45
185
208
110
177
72
133
199
211
81
86
94
67
174
81
174
142
121
173
76
69
100
109
137
115
177
139
69
164
170
190
74
180
142
207
87
59
139
89
119
83
162
69
139
123
113
163
205
91
83
97
102
85
87
92
118
173
154
69
166
72
157
184
195
178
197
150
84
78
91
219
58
190
211
201
211
102
177
119
135
148
101
196
165
212
75
251
212
184
192
140
206
206
113
117
84
251
255
212
158
79
148
60
56
174
204
108
130
102
110
112
159
88
59
177
101
117
89
175
98
194
183
122
152
188
152
159
242
146
220
186
161
74
113
126
116
91
155
173
207
76
59
74
129
154
129
175
79
139
213
255
130
82
87
138
156
122
202
103
135
144
165
122
122
114
111
112
104
184
224
74
57
210
55
130
188
65
107
62
148
175
121
83
60
208
105
200
157
150
125
178
172
57
136
173
103
102
160
210
137
130
125
135
56
127
175
47
68
179
151
217
131
67
83
53
106
68
124
48
138
160
128
104
53
176
65
83
150
66
76
154
86
85
38
148
90
121
127
217
146
175
122
168
61
196
119
245
137
179
215
119
176
111
185
231
69
134
177
157
188
95
171
165
152
85
84
62
117
165
116
150
197
52
158
195
55
