23
43
133
116
119
20
73
227
132
175
211
52
86
132
203
208
192
28
34
97
208
141
100
214
126
224
54
1
114
44
101
100
46
77
37
180
106
157
237
38
137
119
242
96
206
12
81
163
36
204
13
117
186
42
97
159
225
46
40
248
181
183
254
202
145
152
249
85
117
167
26
125
93
241
194
182
94
223
227
76
64
206
178
20
201
131
225
204
217
10
212
76
236
110
146
245
160
81
55
212
209
38
224
227
82
212
0
110
42
201
96
131
41
227
117
255
199
249
169
103
169
43
253
194
95
194
27
179
243
229
232
85
94
61
65
23
80
137
14
63
213
21
55
136
10
197
147
5
38
187
123
26
23
16
169
112
117
81
159
31
165
125
158
111
22
74
163
217
69
117
237
113
242
20
71
229
193
137
211
124
151
153
61
130
119
36
210
177
230
51
223
93
64
230
1
68
191
191
216
104
1
93
43
225
12
34
82
189
144
207
196
60
63
41
16
95
142
67
121
159
175
94
101
210
223
144
165
139
69
224
211
208
178
175
88
50
128
74
62
215
206
208
188
77
170
122
163
86
199
205
18
42
90
34
20
63
79
146
119
204
153
164
94
143
124
205
14
29
110
49
20
203
228
67
109
64
173
54
194
126
119
102
113
98
218
189
202
17
137
169
90
187
170
119
1
206
30
78
182
223
74
96
219
196
188
208
104
50
134
162
71
237
171
237
236
34
225
116
189
126
112
183
182
98
110
230
123
68
112
155
168
108
52
187
142
236
86
112
203
54
196
134
71
90
173
122
200
150
97
115
16
129
170
181
177
86
114
162
37
121
27
209
151
69
46
110
179
68
35
128
180
112
107
37
45
205
184
154
215
78
193
76
121
122
21
141
179
199
64
129
142
128
27
0
57
92
221
118
104
230
200
170
21
139
159
169
152
51
156
206
40
112
168
62
133
63
155
80
42
164
184
232
103
70
85
177
201
136
19
16
211
192
60
142
234
225
226
148
192
173
167
193
202
196
157
86
116
183
111
136
63
213
33
88
227
194
30
177
114
113
178
146
236
173
123
218
122
44
186
170
203
223
187
44
35
213
228
191
130
65
145
163
30
50
150
165
119
80
41
30
241
72
64
154
104
138
125
15
67
97
63
196
92
59
76
125
238
60
18
168
137
193
116
59
225
82
168
84
227
51
206
119
131
54
225
225
59
214
219
46
140
225
22
157
248
55
224
243
194
153
95
94
226
82
243
222
211
251
145
49
189
25
139
31
13
206
22
236
90
138
67
162
68
33
198
144
121
187
77
117
248
98
7
132
70
111
168
35
13
207
158
234
174
109
155
71
8
171
51
60
187
12
250
150
147
198
11
190
107
40
3
0
23
97
34
64
251
76
155
189
190
177
189
70
42
12
194
137
183
151
175
200
218
237
219
240
120
184
75
100
97
19
101
97
134
232
241
254
148
192
22
167
199
50
180
166
246
111
68
219
78
68
62
62
51
229
113
80
228
69
84
70
130
46
168
118
161
233
79
245
207
246
162
202
38
114
90
181
166
167
101
155
88
39
20
114
0
204
239
39
112
173
20
64
59
223
245
11
120
112
107
11
193
97
155
181
19
242
131
74
173
216
223
254
56
32
78
10
215
171
105
44
148
224
222
221
10
164
162
116
145
68
58
13
8
52
199
194
30
156
191
122
225
108
153
138
234
93
26
211
7
63
102
116
233
150
249
233
215
97
212
112
247
29
25
183
255
249
108
118
229
134
233
173
216
55
194
175
214
183
159
202
143
31
25
71
70
202
54
197
184
117
178
175
117
171
172
74
202
101
55
119
91
70
194
240
165
176
50
15
0
50
151
142
229
13
209
170
25
222
243
194
31
182
83
98
28
119
232
84
47
85
168
107
129
153
43
230
138
23
141
87
105
182
38
46
22
21
184
40
110
63
21
106
80
31
231
217
66
150
89
40
31
40
163
19
161
211
218
197
188
167
151
120
129
144
236
235
190
32
47
90
240
100
60
199
196
151
151
12
85
214
220
66
149
228
220
255
207
184
240
22
188
61
143
26
58
208
26
110
165
63
72
21
198
63
231
40
67
215
171
189
211
194
59
53
118
17
230
45
213
143
196
110
160
207
196
174
31
202
20
229
246
137
143
81
97
69
141
61
75
166
38
145
89
224
17
240
222
168
13
133
180
170
124
205
201
70
170
182
94
230
62
225
195
134
90
153
12
46
180
167
121
139
19
83
204
201
90
14
30
38
234
93
219
83
177
208
107
124
57
177
136
52
234
205
31
98
12
235
178
194
112
239
38
50
243
187
208
28
33
29
77
176
166
65
245
169
26
110
5
73
119
201
31
28
220
124
72
15
69
204
118
111
20
227
96
62
96
122
133
80
165
72
205
15
27
68
134
197
210
134
130
132
108
239
95
105
31
67
112
37
90
195
41
130
50
195
135
185
201
205
96
164
35
75
183
180
217
84
192
245
151
159
130
138
122
142
36
202
19
46
131
166
124
197
159
84
230
158
216
168
129
238
89
101
236
38
198
190
44
25
35
124
238
240
153
105
117
36
62
50
107
94
44
50
99
0
126
106
117
158
106
46
58
138
38
217
51
89
101
26
153
187
175
212
114
4
0
53
136
120
96
128
202
56
238
186
157
24
26
32
232
238
177
85
75
201
145
65
21
87
182
143
186
13
214
28
200
25
60
122
158
205
123
80
172
245
169
180
91
173
71
38
63
121
87
43
205
102
86
246
181
104
78
102
226
174
5
80
107
63
211
99
239
188
155
220
113
9
158
198
213
218
137
17
126
129
187
144
110
125
182
236
75
41
18
46
33
78
166
95
203
166
172
56
92
130
218
172
93
155
239
170
233
114
227
223
18
133
88
27
162
214
205
238
230
91
107
191
127
44
106
206
122
81
64
130
28
173
192
136
217
53
235
182
106
45
202
26
80
140
178
143
127
193
49
100
182
159
147
43
156
157
109
33
77
215
72
174
126
85
63
82
123
214
129
136
238
61
43
32
65
177
89
229
68
52
130
189
217
190
98
73
239
145
0
39
100
241
203
197
250
93
240
43
235
38
38
148
88
162
39
61
98
31
115
112
22
243
152
182
16
78
96
147
224
177
83
158
141
150
147
110
165
116
116
46
160
191
155
86
99
163
163
134
129
171
127
129
34
166
161
191
45
136
51
208
237
255
39
237
148
38
34
28
154
111
226
228
83
174
182
24
95
239
129
128
79
192
53
201
37
230
230
77
43
219
15
81
173
100
81
183
232
83
204
161
108
189
19
57
19
215
57
34
163
47
59
58
33
249
58
179
92
98
170
45
21
123
243
129
158
124
188
78
20
99
104
205
100
168
184
170
61
75
148
69
28
41
126
160
27
19
173
169
33
142
17
136
142
230
174
35
216
101
193
182
209
186
172
112
124
205
75
182
235
36
240
146
77
211
86
118
11
83
189
25
189
160
64
59
56
99
207
151
224
117
95
104
93
174
215
167
208
56
117
96
25
191
222
34
33
236
198
39
82
193
182
148
234
53
187
217
165
137
201
183
74
69
186
207
106
121
48
155
188
64
49
122
79
175
193
159
88
137
135
92
14
219
68
143
107
6
72
99
112
42
232
73
40
43
197
162
64
92
179
126
156
228
246
82
98
105
133
180
124
12
16
174
158
169
149
82
156
201
128
103
37
187
1
230
16
192
178
228
116
31
121
62
198
210
126
142
154
122
58
241
169
224
229
209
226
197
198
103
144
187
227
140
229
93
160
171
82
185
12
75
231
151
39
68
224
134
52
162
83
85
36
239
126
14
67
86
229
228
169
181
176
157
32
183
32
207
58
48
186
189
127
80
113
139
197
77
175
210
70
176
202
154
26
194
169
207
74
29
187
197
65
227
18
197
166
255
48
171
221
186
222
94
71
39
173
86
241
192
155
96
232
156
229
217
103
85
142
94
93
195
122
164
28
97
211
238
134
12
13
221
87
91
106
113
103
190
219
68
66
52
193
92
192
115
84
97
112
173
135
182
44
117
198
61
27
132
73
231
25
58
72
120
201
61
151
249
231
72
187
75
201
190
117
18
107
80
85
33
160
50
116
212
21
97
127
242
76
146
165
207
153
115
215
43
26
248
103
229
87
63
8
246
161
189
76
65
105
208
201
39
219
188
249
27
149
20
144
60
207
86
54
39
48
0
31
138
59
84
212
225
27
231
15
70
226
17
240
47
59
211
249
207
127
11
73
196
72
183
225
123
214
183
153
248
89
157
107
102
254
232
235
211
58
30
119
26
70
216
4
56
222
114
235
107
59
14
51
206
51
223
108
188
200
219
115
99
233
39
129
58
220
178
219
0
140
224
51
18
25
222
38
162
89
143
129
61
110
113
225
139
55
150
130
105
211
3
38
99
11
32
64
157
122
53
51
201
140
150
8
111
137
76
107
71
206
204
54
171
133
197
198
64
206
144
147
63
6
250
215
205
100
20
192
251
7
124
140
139
232
183
239
7
5
38
208
183
183
109
2
108
111
148
200
255
120
53
253
220
91
120
213
245
101
253
82
180
100
73
216
189
33
93
91
28
93
117
213
91
51
39
5
8
22
205
40
246
242
218
184
115
159
28
133
156
203
181
56
228
81
188
184
223
205
71
10
139
209
111
13
42
74
244
77
124
200
162
21
220
221
201
210
28
142
2
191
134
182
93
130
238
213
1
1
117
14
127
83
6
94
31
2
135
133
236
208
86
75
218
132
33
105
180
187
141
74
9
47
137
3
40
39
196
200
219
27
225
50
105
170
145
221
214
211
32
139
70
90
206
206
20
11
133
105
191
234
74
132
94
73
3
87
233
212
232
199
17
233
179
222
166
255
153
231
183
174
142
203
81
22
187
210
169
157
187
104
156
36
139
26
94
21
180
134
45
236
204
244
57
147
41
94
98
204
63
114
153
24
56
161
40
255
209
188
82
24
87
227
69
44
42
209
101
94
221
171
117
88
122
52
168
21
178
198
193
85
73
98
84
9
99
68
78
106
32
211
75
17
195
244
200
189
240
52
80
223
189
189
23
157
87
64
208
111
176
220
81
122
205
97
246
17
98
59
145
208
81
122
81
156
146
202
111
142
157
217
89
67
245
34
156
175
120
65
37
114
219
132
157
204
35
66
238
10
105
146
85
115
80
91
19
222
87
191
95
102
211
174
173
95
207
27
80
26
70
202
70
39
5
254
165
140
235
97
113
57
223
237
178
173
26
51
21
239
233
248
16
143
47
244
45
13
236
197
4
177
136
161
140
67
188
89
83
21
220
108
5
233
139
117
145
205
42
127
99
116
165
186
206
22
107
131
144
217
107
228
121
19
112
180
180
95
206
226
62
209
154
209
137
255
38
154
1
61
242
226
59
222
197
206
107
86
138
135
205
120
56
58
107
64
109
195
217
202
179
181
30
169
214
215
165
165
213
125
37
130
64
5
65
204
100
240
107
241
81
149
21
78
203
170
193
68
97
4
19
199
224
56
10
40
32
207
129
137
204
136
88
189
2
18
96
140
222
74
148
23
146
167
139
173
6
12
227
230
112
87
83
5
60
52
33
66
244
191
145
252
203
211
232
68
22
187
19
69
19
179
152
216
64
151
193
204
46
5
167
113
8
1
126
65
253
193
201
199
167
212
83
146
226
65
254
250
57
197
144
47
7
64
204
39
22
13
64
53
135
28
18
31
95
190
147
90
102
207
4
69
191
180
201
226
107
253
10
9
218
120
126
255
53
184
113
58
199
57
96
160
5
114
15
71
79
3
69
79
80
230
176
148
69
117
135
50
76
74
88
111
154
210
30
141
59
194
33
130
244
5
140
136
190
108
141
3
57
215
83
171
148
187
88
18
202
105
67
55
117
155
28
239
60
120
28
171
130
208
251
186
245
162
50
117
26
197
19
218
121
80
69
8
86
43
217
73
192
131
140
84
188
65
231
125
229
252
1
175
161
76
79
105
73
246
46
39
71
65
132
25
249
139
241
183
196
111
188
74
21
209
10
72
237
65
51
142
23
60
114
41
8
116
249
255
67
34
145
165
138
232
149
110
53
18
91
222
28
148
182
171
197
191
201
14
160
242
162
105
89
85
101
159
51
125
16
113
178
209
38
204
35
84
184
213
165
183
154
17
226
244
215
194
238
90
103
121
133
62
186
9
37
112
234
66
119
224
107
64
114
148
196
216
43
158
82
124
14
148
47
210
155
89
131
220
155
51
202
144
78
18
234
230
180
98
236
241
68
165
192
58
18
208
89
209
105
58
105
229
134
196
23
88
255
119
164
113
112
160
132
76
65
191
102
227
151
116
98
55
219
96
201
90
50
223
42
155
120
206
180
15
240
57
189
116
69
12
91
79
172
58
57
55
141
73
171
47
49
107
221
224
32
130
125
144
108
229
124
18
222
228
139
191
132
134
27
145
245
196
78
172
27
121
212
141
121
154
115
242
177
142
38
246
24
157
87
53
228
208
162
137
199
226
193
213
71
188
81
144
55
132
229
129
104
178
198
112
221
219
23
109
44
219
246
32
98
184
191
225
133
134
16
42
21
150
160
223
227
116
103
247
217
58
37
236
172
28
105
19
220
130
214
19
174
162
153
180
13
207
26
0
216
29
134
191
108
144
38
182
70
16
103
209
212
177
0
134
197
183
88
22
223
40
162
127
101
204
212
15
25
90
234
240
5
184
26
201
18
214
213
57
185
73
123
182
19
14
95
9
203
217
103
88
222
144
162
232
153
230
68
240
96
182
84
160
188
164
10
25
51
34
58
199
146
78
136
181
173
160
93
133
13
240
138
75
48
208
38
129
86
15
30
157
161
153
192
139
40
212
129
123
84
89
81
31
146
171
192
161
141
93
209
39
238
30
82
207
154
75
120
217
113
171
189
10
133
78
167
191
112
247
13
14
98
126
128
69
73
178
171
109
64
206
63
95
175
217
26
147
5
161
97
30
53
227
164
75
178
238
30
32
145
27
10
228
195
62
167
158
130
119
34
198
97
35
229
220
56
0
114
31
187
6
88
173
217
38
219
74
146
117
101
61
230
209
120
75
255
36
213
173
178
210
243
139
176
137
210
15
200
94
143
78
129
200
101
27
71
143
115
233
173
219
181
105
37
236
196
25
59
210
151
201
147
166
148
131
222
55
28
6
154
111
119
113
89
179
115
114
237
246
140
128
74
191
73
129
210
22
115
232
186
61
80
3
206
140
235
37
222
91
181
134
110
20
198
18
22
15
83
92
175
204
156
185
100
62
26
157
31
66
132
76
200
79
111
146
91
77
38
173
126
161
79
193
109
0
207
35
233
218
173
56
20
54
209
124
93
53
76
27
189
226
21
191
93
66
174
68
114
93
60
238
210
149
53
37
227
145
94
143
243
232
57
147
190
142
93
181
230
100
76
70
88
210
172
162
134
128
217
227
15
37
166
193
120
77
242
35
226
238
223
45
225
127
97
233
108
31
79
10
147
229
34
254
225
154
165
206
190
180
215
124
150
25
220
219
196
120
235
108
171
119
187
166
205
123
121
44
186
219
99
10
146
96
22
86
19
184
105
112
27
169
190
99
139
72
71
136
134
228
126
252
209
116
84
72
131
255
137
205
83
184
75
96
56
8
135
249
185
110
183
149
215
227
220
243
49
205
88
79
20
38
16
60
81
129
189
74
21
160
156
180
66
155
17
113
40
75
153
165
157
211
178
74
221
84
93
97
168
118
143
132
89
62
209
169
18
123
99
38
117
200
79
145
214
138
220
243
44
40
165
77
35
83
83
11
117
213
21
167
107
213
30
194
162
94
60
210
244
238
157
213
151
164
209
255
157
205
126
96
21
175
67
73
23
139
72
231
185
45
69
206
180
176
228
142
110
210
91
106
221
100
73
27
232
193
130
181
79
192
105
176
126
129
16
165
188
192
67
185
40
35
239
113
75
230
184
40
194
250
235
45
57
234
74
63
81
239
139
130
91
175
118
94
83
104
155
108
240
135
241
17
126
241
137
230
173
33
137
67
118
159
82
140
200
62
195
213
109
169
194
233
202
212
147
212
93
242
229
59
161
56
241
176
182
158
124
189
92
95
85
233
98
167
179
224
173
42
86
239
42
103
45
223
216
148
26
150
71
151
220
102
34
164
153
96
131
219
219
154
33
61
167
9
41
224
207
0
181
73
167
153
187
103
66
80
240
22
32
92
211
177
201
84
119
22
34
150
178
53
148
131
213
75
40
149
128
28
233
205
173
206
93
12
200
190
157
138
46
202
169
143
25
90
165
242
144
140
227
20
146
59
176
138
61
118
247
62
209
149
119
113
79
180
199
227
118
115
146
140
177
90
232
71
177
105
89
145
217
93
230
85
65
68
93
42
166
101
28
25
82
150
30
72
163
203
189
29
98
36
92
36
181
208
161
170
79
44
180
157
100
115
249
143
119
106
86
30
131
67
134
203
21
16
59
45
44
213
193
111
245
107
25
156
51
163
199
170
94
187
85
186
131
122
25
25
20
97
128
105
244
210
107
221
217
61
173
97
48
26
95
99
148
88
67
45
95
144
184
107
16
122
107
242
71
11
89
46
67
61
157
211
125
134
24
136
94
38
160
42
99
255
196
117
30
17
197
192
147
38
12
112
58
197
149
103
26
128
235
201
204
148
54
124
213
186
85
248
178
239
127
187
63
189
164
36
173
155
135
233
204
46
119
58
93
150
55
190
87
211
56
158
70
46
251
185
64
36
223
130
213
120
105
144
82
212
155
151
230
33
241
112
132
66
156
249
198
38
9
179
139
136
53
166
117
117
230
58
15
133
103
208
98
169
180
9
139
143
159
248
245
108
13
19
209
227
241
107
105
223
54
31
95
201
86
102
163
154
90
136
186
255
150
178
4
33
215
123
31
118
128
135
81
100
47
225
190
126
239
123
7
194
86
126
95
177
166
94
37
71
157
112
28
237
207
153
72
209
183
182
196
221
64
97
0
18
92
117
55
56
92
29
55
102
197
227
154
14
26
132
109
113
68
166
118
139
100
62
147
37
137
187
72
30
103
199
133
172
200
151
163
107
174
158
228
156
232
30
200
185
17
236
13
74
54
99
77
125
33
129
53
127
164
21
34
234
241
79
133
90
98
238
179
93
19
146
61
116
100
128
78
60
141
110
201
116
242
123
182
175
194
11
80
58
191
220
12
216
127
234
190
29
246
20
117
73
172
41
195
209
130
114
126
227
165
230
224
241
53
122
235
208
211
176
28
118
39
120
20
52
110
42
202
44
175
63
165
82
13
104
209
182
89
78
77
175
107
130
72
79
148
49
70
236
51
232
51
193
21
175
39
104
172
161
76
254
178
176
51
255
191
50
128
106
173
128
120
141
106
136
97
60
17
58
179
42
98
40
206
223
220
224
237
231
170
221
230
90
111
127
187
242
177
97
116
159
233
168
178
55
38
70
69
186
85
209
198
137
95
126
59
161
74
40
75
202
133
227
104
192
78
112
192
198
209
107
68
62
212
31
231
190
36
58
92
69
181
65
77
168
78
241
197
237
205
82
129
151
218
46
75
126
32
0
24
123
18
186
43
105
60
95
185
213
216
66
20
228
100
104
59
182
243
156
99
137
141
157
99
60
67
16
92
137
198
103
111
72
136
14
192
74
209
34
173
90
230
233
78
30
116
71
37
151
173
67
76
61
120
187
173
232
15
243
101
129
147
186
13
205
179
68
24
110
218
136
62
79
51
136
44
35
211
133
95
151
200
200
126
55
153
135
99
120
187
241
182
76
203
172
20
61
164
182
165
121
144
245
36
170
132
205
156
108
138
1
172
164
16
73
209
186
137
36
101
146
60
213
12
242
91
99
17
95
199
167
144
143
220
173
50
86
84
12
129
175
133
117
181
95
20
59
233
68
49
144
22
148
22
109
152
68
111
30
41
180
222
24
80
41
54
132
72
141
192
112
243
215
192
104
128
118
192
242
184
229
178
198
110
15
51
94
18
159
167
65
228
18
65
138
207
192
36
46
171
149
166
75
237
84
255
133
110
38
75
116
148
131
240
208
174
110
133
117
145
76
13
85
174
24
170
50
19
208
198
203
66
124
239
14
183
130
205
85
97
77
51
122
137
210
14
191
109
130
189
195
101
102
52
155
148
136
126
44
71
67
173
246
168
136
202
180
215
94
96
53
74
222
41
212
14
221
127
252
39
174
244
176
201
102
37
188
207
52
110
242
156
190
148
132
38
102
246
243
243
118
121
90
244
193
214
68
239
121
121
254
100
74
154
121
251
235
250
145
8
114
146
134
93
89
167
118
176
117
60
184
90
90
196
83
36
43
218
58
162
41
185
195
192
245
139
33
248
5
119
238
197
16
254
220
35
134
242
85
141
255
76
93
222
175
187
16
245
124
92
19
207
109
213
72
224
140
35
229
79
219
62
174
82
205
43
98
116
189
39
216
120
67
0
46
204
17
77
97
94
224
76
158
223
38
219
55
239
65
92
42
215
25
212
170
25
29
104
156
34
100
173
187
102
96
88
132
152
146
57
145
168
173
70
157
38
94
202
168
91
243
228
88
209
192
170
99
230
121
46
53
225
86
73
84
231
210
72
200
200
30
171
240
59
130
214
163
167
191
29
229
103
223
214
193
15
136
215
39
90
31
29
173
92
88
114
245
64
28
66
240
219
131
127
49
200
206
183
135
103
76
134
148
192
165
120
169
196
27
74
0
96
141
189
160
143
81
149
191
120
218
41
65
213
131
72
176
177
213
87
171
83
118
146
130
34
202
189
65
101
38
204
186
118
222
33
82
174
149
158
222
105
53
36
106
216
81
175
221
106
165
139
97
116
58
136
199
65
68
167
209
237
171
17
190
107
207
201
41
13
124
107
194
85
63
218
143
177
88
83
91
32
189
90
121
151
197
233
200
44
128
134
203
182
223
158
235
234
60
108
47
60
66
212
43
96
27
86
16
216
75
111
24
94
98
242
204
229
114
81
32
118
153
73
117
132
183
107
109
100
165
16
138
35
89
213
222
58
54
58
97
35
121
156
22
48
182
104
229
170
166
247
155
247
1
243
162
235
86
231
111
132
143
62
209
181
95
64
203
242
77
39
101
183
68
182
10
159
22
247
207
54
86
85
231
82
56
39
56
213
149
144
198
152
145
11
39
123
35
70
255
13
37
158
81
70
79
198
64
200
158
132
113
14
94
10
123
175
176
230
63
86
124
80
230
50
115
87
241
164
187
167
229
112
237
85
83
141
67
161
57
49
21
205
255
162
26
208
241
108
179
90
56
66
83
230
194
251
70
147
46
226
249
76
12
81
17
111
178
134
145
178
195
183
64
184
44
149
222
150
156
105
226
71
154
210
0
136
161
172
238
224
31
156
62
11
247
72
228
249
25
230
148
86
73
70
25
143
12
175
193
128
166
21
78
5
194
113
97
84
202
43
49
216
187
50
244
195
31
36
62
196
85
169
249
168
1
230
52
220
76
123
126
166
26
137
23
227
152
104
194
230
37
132
54
17
109
183
75
167
71
212
38
208
101
103
131
145
250
28
27
250
