0.00017073 0.00019064 0.00020352 0.00012044 0.00016325 0.0000935
 0.00017308 0.0001995  0.00012496 0.00011005 0.00015882 0.00009065
 0.00022485 0.00014419 0.0001574  0.0002332  0.0001815  0.00019098
 0.00020467 0.00009069 0.00014423 0.00015826 0.00017419 0.00017182
 0.00017572 0.00012737 0.00012446 0.00015541 0.00018242 0.00009402
 0.0002293  0.00009067 0.00009309 0.00018076 0.00009064 0.00009067
 0.0001199  0.00016163 0.00020664 0.00024236 0.00009538 0.00009432
 0.00012719 0.00009468 0.00014852 0.00009487 0.00016963 0.00018256
 0.00012222 0.00011561 0.00019779 0.00015808 0.00009436 0.00018513
 0.00009323 0.00020528 0.00009303 0.00017205 0.00009267 0.00009276
 0.00009476 0.00020358 0.000095   0.00015251 0.00021197 0.00015772
 0.0000933  0.00013443 0.00009278 0.00019525 0.00013795 0.00020783
 0.00012981 0.00016398 0.00012419 0.00012479 0.00011329 0.00019859
 0.00019644 0.00009362 0.00009362 0.00011684 0.00020187 0.00009223
 0.00020049 0.00013995 0.00009347 0.00014928 0.00009462 0.00018598
 0.00017815 0.00022517 0.00009059 0.00019937 0.00009423 0.00009337
 0.00009556 0.00016061 0.00017173 0.00016511 0.00023994 0.00020114
 0.00018578 0.00020756 0.00009344 0.00009061 0.00016712 0.00009065
 0.00009338 0.00017757 0.00019616 0.00048896 0.00018179 0.00013903
 0.00015038 0.00009408 0.00016332 0.00013988 0.00009573 0.00021421
 0.00017514 0.00020955 0.0000932  0.00015389 0.00009262 0.00009278
 0.00009336 0.00020412