95
95
95
94
94
96
95
96
96
98
97
96
94
96
95
92
93
92
92
92
88
90
89
91
91
91
91
91
90
90
93
93
95
96
95
98
97
94
92
93
155
158
158
157
156
151
150
147
145
144
139
140
139
138
140
145
146
148
149
149
153
153
154
152
152
157
162
161
156
158
149
152
148
154
156
154
157
157
158
154
99
99
100
99
98
97
98
97
99
100
97
95
95
93
93
97
98
98
97
98
98
98
98
98
97
97
96
97
97
96
96
95
95
95
93
93
93
93
95
96
133
135
136
138
138
138
138
140
139
137
139
137
136
134
137
132
128
129
135
131
131
131
134
135
134
134
136
134
134
133
132
132
131
130
131
132
132
133
134
133
143
142
143
144
146
145
146
149
150
150
153
151
151
148
148
149
149
150
149
150
151
151
152
152
154
148
148
148
147
148
146
145
149
145
147
141
143
142
141
144
146
145
146
150
152
157
156
157
158
159
156
157
154
151
151
146
145
146
146
147
147
148
148
148
149
153
151
154
151
150
154
152
153
149
150
146
147
151
150
154
177
178
179
181
182
182
184
182
181
182
183
182
182
182
181
182
184
185
183
186
184
185
186
187
188
188
186
188
186
185
182
180
182
180
181
180
180
183
183
185
99
101
103
102
102
100
100
97
95
97
93
93
92
93
93
92
95
95
94
97
97
96
97
94
94
90
91
91
89
92
95
96
95
97
94
94
95
96
97
98
150
152
153
151
150
148
147
146
144
144
143
141
141
141
143
146
146
149
148
147
151
150
150
151
151
154
155
150
151
148
146
147
148
157
155
154
155
155
154
150
137
140
142
143
143
138
139
138
137
134
128
127
127
126
130
130
130
130
134
133
135
136
137
134
137
141
143
140
139
139
136
137
133
135
137
137
140
139
143
142
145
147
147
148
147
145
147
146
144
147
153
152
152
153
153
155
153
156
155
156
154
154
156
153
152
147
145
146
148
147
145
146
146
144
141
143
141
143
144
144
158
160
162
165
165
164
163
163
165
164
167
164
163
163
161
166
169
169
170
173
170
173
171
171
170
169
173
170
171
172
168
165
162
162
161
158
158
161
162
166
144
145
145
144
142
140
140
139
139
141
142
142
143
144
143
144
147
148
146
147
149
149
147
148
147
143
143
143
144
145
140
140
142
141
141
138
139
141
140
142
140
140
144
144
143
146
148
149
148
147
149
150
147
146
146
146
146
145
148
149
145
146
146
146
145
140
142
140
142
143
141
141
139
140
141
136
136
137
140
139
101
102
103
105
103
106
105
104
101
100
98
97
97
97
100
96
94
97
95
93
92
92
92
92
95
101
100
97
97
95
97
96
96
98
99
104
104
106
106
105
119
118
118
116
116
119
116
114
116
116
117
116
119
120
117
114
116
115
116
115
116
116
113
115
112
113
114
115
118
118
121
119
121
119
117
119
119
120
119
121
89
88
88
90
90
93
95
95
94
96
93
92
90
89
87
78
79
78
77
78
78
80
79
80
82
84
86
87
88
85
92
90
89
88
86
91
92
91
92
91
136
134
135
135
137
137
139
139
140
137
132
134
134
135
136
131
132
131
131
131
133
133
137
134
138
136
136
135
133
136
138
136
138
137
140
138
137
137
136
136
145
143
142
139
139
134
136
137
136
137
133
136
136
136
139
141
141
140
139
138
143
141
143
144
143
147
146
148
145
145
141
145
145
148
149
149
146
142
143
140
104
104
103
103
103
102
100
100
102
101
95
96
98
96
96
98
99
99
98
99
101
99
98
99
99
104
102
106
104
103
103
101
101
99
102
103
104
104
103
106
144
144
144
146
147
146
148
150
151
153
152
152
150
150
148
146
145
145
145
147
154
155
156
154
155
152
149
151
152
154
158
157
154
154
148
145
140
141
143
144
140
138
137
138
138
137
138
140
139
137
136
138
135
136
138
139
136
137
137
136
139
141
143
141
143
142
143
140
139
141
143
142
142
143
144
139
139
137
136
139
99
97
96
98
97
100
101
101
101
104
107
107
108
107
106
103
102
103
100
100
99
99
98
98
101
95
93
97
96
96
100
100
103
99
102
101
102
100
97
98
132
133
132
133
135
131
131
132
130
128
129
129
130
131
130
135
135
137
135
137
136
138
138
138
138
135
132
133
134
132
134
134
137
135
136
130
131
131
129
136
141
140
138
139
140
140
140
142
144
144
144
144
145
143
142
139
140
138
139
138
142
141
139
139
141
145
147
146
148
146
146
146
143
142
143
142
145
143
144
145
132
131
134
133
136
140
139
139
143
141
143
145
144
141
140
138
140
138
140
141
136
135
134
135
134
132
130
133
132
133
134
132
133
128
130
130
131
131
132
134
132
132
133
131
134
137
136
137
137
134
134
134
136
135
136
135
133
133
133
133
131
129
131
134
131
133
132
130
130
130
133
133
134
134
134
135
136
133
135
133
149
151
149
148
145
143
142
141
140
140
137
139
139
143
143
145
146
148
147
147
149
150
152
146
148
148
145
148
148
150
146
146
151
149
150
148
148
151
147
149
133
134
136
138
138
139
140
139
140
141
136
137
136
135
132
130
130
130
131
135
136
137
136
137
136
138
138
138
140
139
141
137
135
136
134
132
134
135
138
139
133
133
134
133
133
133
133
133
134
133
139
140
139
140
138
144
145
143
144
144
139
141
139
141
139
132
136
134
137
139
132
133
129
130
131
130
131
130
134
134
138
139
137
138
139
137
136
134
135
133
130
128
128
128
129
127
127
128
130
126
132
136
134
133
133
145
143
145
145
145
145
143
145
140
141
141
141
145
144
147
87
89
87
88
89
89
90
90
88
89
87
86
85
86
87
86
81
84
83
81
81
81
83
83
82
79
78
80
79
81
85
88
88
87
85
86
84
83
84
83
109
108
106
105
104
103
103
105
106
106
105
107
107
108
107
106
105
105
102
104
105
106
106
106
107
105
106
103
106
107
108
110
107
110
108
110
107
105
106
102
113
111
111
111
108
109
110
111
112
114
113
114
114
114
112
111
112
110
110
110
108
107
107
108
110
109
112
112
112
113
111
111
108
108
109
111
115
113
113
113
138
138
140
140
140
141
141
141
142
140
135
136
137
134
135
131
131
131
133
133
137
135
136
138
139
140
139
138
138
136
139
138
138
139
140
136
138
136
137
137
133
134
134
132
132
135
135
136
137
138
135
135
138
138
136
138
136
137
134
137
135
134
135
136
135
134
133
134
134
135
138
140
138
140
138
137
135
134
133
132
136
136
135
131
129
122
123
124
127
129
120
121
124
122
122
115
116
117
116
119
127
123
124
123
121
134
138
140
142
141
142
141
139
137
135
138
138
137
139
136
107
103
103
103
100
98
98
98
98
99
94
95
96
98
98
101
99
99
97
98
100
102
102
100
101
101
102
101
100
106
104
105
104
101
103
101
101
100
100
104
101
100
101
101
100
101
100
99
100
102
102
100
102
101
99
98
100
100
99
101
99
98
99
99
98
96
94
97
94
94
98
96
98
98
97
100
99
99
98
98
146
144
144
146
146
141
141
143
140
141
148
149
149
149
152
156
154
154
155
154
158
159
157
153
152
147
144
145
147
152
148
149
150
146
145
138
139
140
140
143
141
141
140
142
144
140
141
141
142
141
136
135
133
133
134
136
135
136
135
136
141
144
145
144
146
147
149
146
143
144
142
145
141
144
142
137
136
137
138
139
134
137
138
142
144
149
146
146
144
141
136
137
134
130
134
127
126
126
131
130
130
132
134
132
133
137
134
136
133
130
137
138
138
138
139
137
139
140
142
140
103
103
102
101
100
100
99
99
95
99
96
98
96
99
98
99
99
99
96
95
95
95
96
96
97
99
98
99
95
93
92
94
96
98
100
103
105
106
102
100
146
146
146
150
152
150
152
152
152
152
150
149
148
147
145
146
146
145
148
148
153
155
156
154
155
150
151
150
151
150
151
151
149
146
148
139
139
141
141
144
151
151
152
150
150
147
148
149
148
149
149
149
150
149
152
153
149
152
153
151
157
153
154
155
153
156
153
156
155
154
152
150
152
153
155
153
153
152
150
149
141
139
138
136
137
142
142
145
147
150
147
151
151
149
146
139
140
138
136
138
141
140
140
141
140
141
144
146
146
149
154
156
154
153
154
150
149
146
146
144
106
107
108
109
111
112
111
112
113
110
108
107
107
103
106
104
102
103
105
104
102
102
104
103
103
103
103
102
101
100
105
105
106
106
106
105
105
105
105
105
133
133
134
135
133
136
136
136
134
135
139
137
139
139
139
138
135
137
137
136
135
134
137
134
133
133
133
132
134
136
135
137
135
134
134
135
135
135
136
137
103
102
104
104
102
105
104
105
105
106
105
105
104
106
106
104
104
103
104
105
102
103
100
101
102
96
97
96
97
100
101
103
102
100
102
101
99
99
98
99
135
134
133
135
135
138
135
138
137
135
137
140
138
137
138
137
136
136
139
136
134
135
136
135
138
137
138
135
137
135
133
133
132
132
136
136
137
136
136
138
137
135
132
132
131
133
134
137
137
139
140
141
141
142
141
144
142
142
140
138
138
138
138
140
140
138
135
137
137
134
133
136
135
137
136
137
134
133
132
131
138
136
136
133
131
134
133
134
135
136
143
148
148
150
149
152
152
149
148
147
142
142
140
141
140
131
134
135
138
142
133
134
134
135
135
137
138
136
137
134
110
111
109
109
111
108
109
109
111
113
113
109
109
111
108
109
107
108
108
108
111
111
112
112
110
109
111
111
113
111
115
114
114
113
108
108
108
108
105
108
138
138
137
137
138
139
139
139
139
140
136
138
136
137
138
137
135
136
137
135
137
139
139
139
139
137
136
137
138
138
140
140
142
140
139
137
134
135
136
136
142
142
141
138
137
141
140
139
141
141
145
148
151
152
154
158
155
156
153
152
144
142
143
143
145
141
140
140
143
139
135
132
133
135
134
140
141
142
140
138
112
112
113
114
115
118
118
116
117
115
112
112
110
108
108
104
105
104
106
107
107
108
109
108
109
111
111
111
108
110
112
112
112
112
112
111
112
113
113
113
148
150
150
151
150
148
149
148
146
146
139
141
140
143
143
149
147
148
147
150
149
151
152
152
154
152
153
151
151
149
145
147
145
150
150
149
148
150
150
147
132
134
134
137
137
138
139
138
135
132
129
128
128
128
131
124
124
128
127
127
127
128
128
126
130
137
137
136
137
134
136
135
135
136
136
139
141
142
144
145
117
117
117
117
117
118
117
117
117
118
118
118
120
119
118
117
116
116
115
115
116
116
116
115
115
115
116
115
117
117
117
118
116
115
116
116
117
116
116
116
159
157
157
155
153
154
157
157
159
162
162
166
167
167
166
165
165
164
162
164
164
163
162
162
163
163
162
164
165
166
162
163
163
162
163
166
163
162
162
158
136
137
140
142
143
147
148
148
146
145
145
144
143
141
140
141
142
140
142
143
136
136
139
141
139
141
141
142
141
140
134
132
131
131
131
132
137
141
143
144
97
96
96
100
98
100
100
100
99
97
96
96
94
93
94
89
91
89
91
91
89
93
91
90
93
93
94
89
91
91
93
94
91
93
94
95
96
94
97
97
132
133
132
133
132
133
131
132
131
130
130
131
131
131
133
132
132
131
133
131
129
129
128
127
129
132
133
132
133
133
128
129
127
127
129
133
135
136
138
136
148
152
153
154
155
152
150
149
149
147
147
146
146
145
148
147
149
151
152
152
153
154
155
153
153
151
153
152
150
152
153
155
156
154
154
150
150
150
150
152
144
145
143
141
143
139
142
142
144
143
139
138
138
138
137
142
141
142
141
143
145
146
148
148
150
150
152
150
150
149
149
150
150
151
152
147
145
142
141
142
146
148
148
150
149
147
146
147
146
144
137
138
135
135
137
134
132
136
138
138
144
144
146
144
144
150
149
149
149
148
149
150
149
147
148
145
145
145
146
147
135
139
141
141
142
149
151
149
149
148
152
152
149
149
148
150
151
148
149
152
141
144
144
143
144
140
143
141
144
143
140
140
137
140
140
143
143
147
147
145
108
108
108
108
108
110
109
107
108
109
106
104
106
105
104
101
101
101
101
100
100
102
102
103
101
104
106
105
105
104
109
107
107
105
105
107
107
109
106
109
129
129
132
133
136
140
142
142
143
142
142
141
140
140
137
138
138
137
138
140
138
137
137
141
138
132
130
132
131
131
138
138
138
138
137
131
131
129
129
132
98
100
101
99
100
103
102
102
102
101
103
100
101
101
99
96
96
96
99
98
97
96
96
98
95
94
92
90
98
92
99
94
95
96
92
95
95
97
97
98
169
173
170
169
169
166
163
163
162
159
167
168
168
170
172
179
180
179
181
179
182
182
183
182
179
175
174
171
173
172
168
168
171
174
173
170
168
171
171
168
90
91
94
93
92
93
95
94
94
94
89
89
89
88
88
83
81
83
83
85
82
79
81
81
81
83
83
84
84
84
88
87
84
85
84
87
88
88
90
90
134
137
140
141
142
150
148
148
147
146
148
146
146
147
145
144
144
145
146
146
135
136
137
141
141
136
136
136
134
130
132
131
132
134
136
137
139
139
138
138
110
109
110
108
107
104
103
101
102
103
102
103
102
105
105
104
106
104
106
106
106
105
103
104
102
103
106
105
106
108
106
109
108
109
109
112
111
111
109
108
152
154
155
159
163
158
157
159
157
153
143
144
141
138
140
139
137
140
142
144
150
152
157
155
156
162
161
159
156
153
153
152
153
153
153
148
148
151
152
154
118
117
118
116
116
117
118
116
117
118
120
117
119
119
117
118
121
122
118
120
120
118
118
119
119
116
117
117
116
116
118
114
118
117
116
116
115
116
115
116
141
139
140
140
140
143
142
143
140
142
141
141
141
141
139
138
138
138
139
137
140
141
140
142
141
141
140
140
140
140
141
141
141
142
143
140
140
142
141
141
139
140
142
140
143
138
136
133
138
134
127
128
129
124
128
129
132
128
133
133
137
135
135
136
134
140
144
142
140
141
140
140
142
138
141
136
141
138
142
143
142
143
142
144
140
145
143
145
143
144
141
143
142
143
146
141
140
141
142
139
137
139
138
136
140
140
141
140
138
137
137
139
141
141
146
145
147
146
141
141
140
143
141
140
139
133
133
134
133
133
131
131
131
131
133
136
133
136
140
136
138
139
140
139
138
139
141
140
141
138
137
136
138
141
139
141
140
139
137
133
138
138
139
138
138
141
142
141
143
145
148
147
147
147
144
144
145
145
144
145
139
138
138
138
138
144
143
145
146
146
142
139
139
137
139
144
145
149
147
147
133
133
133
131
134
137
138
137
139
139
139
137
139
138
136
134
135
135
134
134
136
134
137
137
136
136
133
137
132
134
138
135
140
135
137
136
134
133
131
132
168
168
168
170
171
169
170
169
169
169
166
164
166
165
163
165
164
167
165
166
173
174
175
175
174
176
174
175
175
173
174
172
175
173
173
168
167
169
168
169
137
137
140
139
141
141
143
143
145
147
144
142
142
144
139
140
138
141
137
141
141
140
140
143
142
147
148
147
149
147
149
145
144
142
142
143
144
144
144
146
94
91
91
92
92
89
90
89
86
86
88
87
87
88
89
90
92
91
91
91
90
92
89
89
88
85
84
84
83
84
85
89
91
89
92
88
89
87
85
88
139
140
139
139
138
143
142
143
142
145
147
147
148
148
146
146
145
145
144
145
142
141
142
142
141
143
141
142
142
142
142
141
141
141
144
145
144
145
141
141
133
133
132
132
132
135
137
138
138
140
139
140
138
138
137
135
134
135
133
133
132
132
133
134
136
136
136
136
135
133
135
137
137
140
140
141
138
138
134
130
135
134
135
134
131
132
136
136
138
136
143
144
143
143
144
147
147
146
147
146
143
143
144
140
142
131
129
132
132
136
133
136
136
136
136
130
131
128
128
129
152
152
152
154
155
152
153
154
153
150
147
147
146
145
143
148
147
149
148
148
155
158
158
160
160
159
160
159
157
157
158
159
158
160
159
151
150
149
151
153
161
160
162
163
162
162
159
160
160
156
155
155
157
156
155
159
161
162
162
164
168
169
169
171
169
168
165
163
161
160
160
160
162
165
169
162
163
161
161
160
138
138
138
139
140
136
137
135
137
136
135
135
135
134
135
139
139
139
139
142
143
142
143
140
140
142
143
142
143
143
142
138
137
136
134
133
135
134
137
140
138
137
136
131
129
131
129
131
132
136
131
133
136
138
135
133
132
133
131
131
135
134
132
136
132
134
133
136
138
135
138
136
140
137
135
134
132
133
131
131
148
147
146
148
146
147
149
151
149
149
151
152
152
152
154
152
151
151
149
151
148
149
150
149
152
151
150
148
147
149
147
149
148
150
153
152
149
149
148
148
152
151
155
154
152
147
149
148
146
149
147
147
149
147
146
153
153
154
153
156
161
158
158
156
156
157
158
161
158
160
154
152
151
152
154
148
151
151
153
152
109
109
108
111
111
112
111
113
111
110
108
107
107
106
107
100
102
100
102
102
102
104
105
104
105
103
104
102
104
104
109
110
108
106
105
102
103
102
104
108
176
176
174
170
170
171
170
168
172
170
169
171
174
175
174
174
176
172
174
173
179
180
177
181
180
177
179
178
180
182
180
181
178
180
181
177
174
170
173
171
155
155
154
156
157
157
158
158
158
159
161
162
161
159
160
162
159
160
161
161
165
164
166
163
165
160
160
161
161
160
161
160
162
162
162
158
157
155
154
152
142
143
147
146
148
140
140
136
135
133
132
131
132
132
131
136
139
139
141
142
149
147
146
147
143
146
145
146
143
143
141
139
141
140
142
136
139
140
144
145
131
127
125
125
124
128
129
132
132
133
138
139
141
140
139
137
138
137
135
134
131
131
131
132
131
128
126
129
129
131
132
133
135
132
134
132
130
129
127
130
140
138
137
134
133
137
137
138
140
142
140
143
147
145
146
140
142
140
135
139
133
131
130
134
134
136
139
138
138
138
139
140
139
141
141
143
144
141
140
137
146
146
147
145
142
137
137
135
135
136
135
135
138
139
136
140
142
140
143
144
151
148
145
147
144
145
146
148
149
150
145
146
145
145
147
145
147
144
146
145
106
105
102
102
103
101
99
102
102
102
104
105
107
104
107
106
106
103
104
102
100
99
100
98
97
99
100
102
102
101
102
103
101
99
102
104
107
105
105
104
155
154
154
152
152
152
152
153
153
156
158
158
159
160
157
163
163
163
162
162
163
162
160
161
159
160
160
162
164
164
162
160
161
162
161
160
158
161
159
159
108
107
107
105
105
108
106
105
106
107
109
107
109
110
108
111
112
111
109
110
107
106
107
107
107
104
103
104
101
103
102
100
103
103
103
106
106
107
103
105
106
105
102
101
99
99
98
99
99
103
106
105
106
107
103
108
109
111
106
107
107
106
106
105
106
102
101
102
105
100
99
99
99
102
102
105
104
103
100
99
106
104
106
106
107
109
110
108
110
110
110
109
110
107
107
105
106
104
104
106
104
105
104
104
105
102
104
106
102
105
106
106
105
104
105
104
105
104
104
105
134
134
138
138
139
139
140
138
136
138
134
134
131
134
131
135
134
137
134
136
136
135
134
136
136
142
141
143
141
140
137
135
133
135
135
137
137
140
142
141
105
103
105
107
107
106
108
109
107
107
103
101
101
100
100
100
98
99
99
97
98
102
101
102
105
108
108
105
106
105
106
106
104
106
105
108
107
107
107
108
137
136
134
135
136
137
140
140
142
142
143
142
141
141
140
139
141
140
140
141
139
141
143
141
144
139
139
139
138
141
141
142
143
143
141
139
137
135
134
137
147
146
147
145
145
145
146
146
149
147
143
148
144
143
145
144
144
143
144
143
145
145
145
144
147
154
156
157
153
154
147
148
147
149
154
155
156
154
158
151
115
115
115
113
112
107
107
108
109
108
108
106
107
109
108
111
113
113
113
111
113
116
113
115
115
110
113
110
111
111
109
110
110
112
111
109
110
106
106
108
107
108
107
108
111
112
111
112
113
110
112
112
111
110
111
107
105
104
106
105
106
107
109
107
107
105
106
104
107
109
113
113
115
112
110
108
108
108
108
110
147
148
148
147
149
148
149
150
152
150
152
155
152
151
152
147
146
145
149
150
153
150
154
150
150
144
144
145
144
148
149
148
148
147
147
144
142
143
144
142
141
143
143
145
148
151
151
153
152
150
144
143
142
139
140
141
137
138
140
139
144
143
146
145
146
147
147
148
147
144
147
146
144
145
143
139
140
142
143
144
110
111
109
109
111
111
113
112
114
112
108
108
106
104
104
104
104
102
103
105
106
106
109
108
110
109
112
110
106
109
110
110
108
110
108
107
108
107
108
107
140
144
145
144
142
136
135
133
132
130
120
123
124
123
125
125
128
126
131
132
137
136
136
135
136
140
142
142
142
143
137
137
134
137
138
136
139
141
144
142
147
149
149
150
150
151
150
151
150
150
140
140
140
142
141
133
133
136
135
135
138
139
140
141
142
151
151
150
151
149
153
152
151
150
151
149
148
152
152
153
134
133
134
133
137
142
140
142
142
140
143
144
143
142
140
139
142
140
139
140
135
136
134
139
136
142
141
141
141
140
142
139
140
139
141
144
144
142
144
144
139
141
140
142
141
137
138
137
135
136
132
132
132
131
132
134
134
136
134
135
140
141
140
140
140
144
145
143
145
143
142
147
144
144
143
140
141
140
144
144
137
136
137
137
137
140
140
140
139
138
133
133
135
136
135
134
133
134
132
133
131
130
131
134
133
139
136
140
136
132
133
133
132
132
135
138
139
138
141
138
