0.00007644 0.00007856 0.00006283 0.00008074 0.00006336 0.00006432
 0.00009154 0.00006381 0.00007557 0.00006467 0.00007484 0.00007796
 0.00008198 0.00008054 0.00008419 0.00008259 0.00006408 0.00019731
 0.00007929 0.00006817 0.00006482 0.00010767 0.00006374 0.00007437
 0.00006263 0.00006319 0.00007315 0.00006462 0.00007979 0.00008119
 0.00006407 0.00011515 0.00007944 0.00007593 0.00006282 0.00006581
 0.00006511 0.00007662 0.0000751  0.00006367 0.0000796  0.00007797
 0.00007492 0.00007293 0.00007919 0.00007734 0.00006404 0.00007627
 0.00006349 0.00007714 0.00006441 0.00006263 0.000069   0.00008409
 0.00015312 0.00006705 0.00010282 0.0000712  0.00007657 0.00025352
 0.0000644  0.00007895 0.00007373 0.00008067 0.00007536 0.00007859
 0.00007737 0.00006287 0.00007768 0.00008029 0.00007584 0.00007871
 0.00006394 0.00007645 0.00007658 0.00006619 0.00006699 0.00008455
 0.00007158 0.00006282 0.00006494 0.00006278 0.00007972 0.00028152
 0.00007276 0.00006284 0.00007736 0.00015056 0.00006285 0.00007633
 0.0000887  0.00007891 0.00007867 0.00007306 0.00014167 0.00007846
 0.00007861 0.00007513 0.00007397 0.00006266 0.00006451 0.00007497
 0.00007854 0.00007633 0.00006419 0.0000835  0.00007119 0.00007603
 0.0000647  0.00008127 0.00007769 0.00006403 0.00007964 0.00007972
 0.00006284 0.00007353 0.00007694 0.00014978 0.00007683 0.00008622
 0.00007121 0.00006585 0.00008183 0.00007221 0.00006546 0.00007604
 0.00006731 0.00007133 0.00007349 0.00007529 0.00007179 0.00007846
 0.00007722 0.00006384 0.00007226 0.00012241 0.0000914  0.0002106
 0.00008296 0.00008225 0.00007805 0.00006402 0.00021962 0.00007852
 0.00006453 0.00008103 0.00007175 0.00006554 0.00006284 0.000078
 0.00006284 0.00006626 0.00007519 0.00021312 0.00007766 0.00006511
 0.00008042 0.00007152 0.00006399 0.00006657 0.00007425 0.00007512
 0.00006473 0.00010887 0.00007742 0.00008242 0.00006276 0.00011556
 0.00007567 0.00006457 0.00006581 0.00007417 0.00007268 0.00007246
 0.00007468 0.00007945 0.00007933 0.00006509 0.00007207 0.00014613
 0.00007756 0.00007411 0.00007149 0.00007757 0.00017785 0.0000775
 0.00008348 0.00006998 0.00007715 0.0000648  0.00007684 0.00006284
 0.00008518 0.00006428 0.00007782 0.00007822 0.00006471 0.00006282
 0.00007913 0.00040784 0.00006285 0.00027077 0.00007565 0.00006979
 0.00007649 0.00006471 0.00006412 0.00007834 0.00024461 0.00006445
 0.00007719 0.00006283 0.00008441 0.00006509 0.00007121 0.00007296
 0.00006275 0.00006708 0.00007964 0.00008318 0.00006281 0.00008705
 0.00006348 0.00007089 0.00007392 0.00007548 0.00006523 0.00008312
 0.00007572 0.00006563 0.00006286 0.00007809 0.00006411 0.00006408
 0.00006263 0.00007073 0.0000777  0.00007115 0.00007228 0.00007866
 0.00007954 0.00006969 0.00007672 0.00007526 0.00006403 0.00007567
 0.00006398 0.00007463 0.00007289 0.00007401 0.00007849 0.00008096
 0.00007355 0.00022982 0.00006285 0.00007468