1.46778430e-04 2.05231815e-04 1.52244900e-04 1.63431931e-04
 1.76929378e-04 1.63185608e-04 1.71057558e-04 1.97616710e-04
 2.25660180e-04 9.18764966e-05 1.63913421e-04 1.80662784e-04
 1.99557169e-04 1.75642127e-04 1.80898930e-04 9.57560733e-05
 1.57463843e-04 1.49077285e-04 1.77068775e-04 1.57370556e-04
 1.44486123e-04 1.51047700e-04 1.84616725e-04 1.62868910e-04
 2.20646899e-04 2.23329502e-04 2.40746448e-04 2.03403958e-04
 1.29297852e-04 2.39360445e-04 1.50034636e-04 2.15408808e-04
 2.42069361e-04 1.46411889e-04 1.12937573e-04 1.09206079e-04
 1.34914588e-04 1.27272792e-04 1.40492590e-04 1.47601020e-04
 1.39112368e-04 1.48902964e-04 1.95011649e-04 2.28198478e-04
 2.92170480e-04 1.22289408e-04 1.76319525e-04 2.14714309e-04
 1.56013546e-04 1.87020143e-04 8.96779514e-05 1.60444161e-04
 1.49823809e-04 1.80974800e-04 1.37875757e-04 1.77185019e-04
 1.80841847e-04 9.23482022e-05 1.49086317e-04 1.09698370e-04
 1.70119732e-04 1.39883581e-04 1.68538198e-04 1.69009587e-04
 1.78595228e-04 1.16791769e-04 1.03004916e-04 1.43738259e-04
 2.66794815e-04 1.63869299e-04 1.21750059e-04 2.05696446e-04
 2.12078373e-04 2.85569945e-04 9.82646707e-05 1.07883610e-04
 2.08251258e-04 1.58370117e-04 9.12819459e-05 8.85963856e-05
 1.25688179e-04 9.33249646e-05 9.16200279e-05 1.09845647e-04
 1.25300405e-04 1.72127510e-04 9.09576079e-05 1.53888516e-04
 2.76611739e-04 1.93681074e-04 2.34146243e-04 2.47430260e-04
 1.86406693e-04 1.70569279e-04 1.43669810e-04 1.89318411e-04
 1.32993413e-04 8.88939583e-05 1.49277332e-04 2.15013770e-04
 1.48928645e-04 1.49748993e-04 1.92522275e-04 1.60899007e-04
 2.05905511e-04 2.04937532e-04 9.81604920e-05 8.91838837e-05
 1.00157326e-04 1.30089086e-04 1.03014106e-04 9.17598536e-05
 2.24832953e-04 1.78549886e-04 2.89812269e-04 3.12213336e-04
 1.92820608e-04 1.50550433e-04 8.68502096e-05 1.19231263e-04
 1.00069661e-04 1.96432682e-04 1.47796070e-04 1.87755679e-04
 1.03983206e-04 1.75266990e-04 3.56703471e-04 1.96544199e-04