101
173
98
133
89
98
170
143
194
172
125
192
107
177
185
83
105
18
164
200
148
51
27
125
88
179
96
215
78
228
7
129
118
30
136
176
220
79
90
182
93
147
86
103
208
161
171
61
111
221
234
91
86
176
29
99
114
154
64
148
147
186
176
101
32
190
148
255
120
200
226
139
135
102
77
243
46
52
199
201
155
166
204
152
185
91
37
135
195
88
52
182
208
187
32
194
30
229
66
76
16
120
10
184
125
153
213
217
167
10
227
200
64
119
181
29
182
69
208
72
59
127
102
112
133
140
51
219
183
129
21
114
47
191
116
124
177
48
160
16
193
66
69
72
57
241
54
184
209
188
83
48
255
23
169
209
8
29
142
242
93
158
181
102
209
142
156
47
181
162
183
193
179
237
149
59
51
215
140
51
66
114
226
39
1
26
188
43
120
196
121
180
223
254
101
63
88
37
211
20
195
234
222
157
162
230
55
184
9
12
88
215
233
161
116
64
10
212
224
42
223
215
161
193
137
137
236
206
134
106
232
71
96
4
16
11
112
216
254
30
245
121
147
124
157
210
167
159
112
177
161
29
39
165
210
36
152
240
198
167
98
216
120
182
168
81
20
186
32
219
26
76
151
178
159
220
157
46
171
76
19
201
246
79
96
238
149
79
141
101
94
49
26
218
191
134
102
196
140
45
45
116
218
37
134
44
88
185
177
156
153
126
162
0
232
132
131
221
154
106
119
69
143
211
57
232
160
91
187
77
209
35
155
122
43
131
81
214
190
155
67
217
26
166
132
53
165
202
130
95
192
161
197
187
226
151
112
145
173
47
159
203
61
174
138
105
46
130
227
227
138
51
82
215
203
165
89
109
106
173
122
153
70
152
73
111
114
42
65
43
165
146
179
165
96
191
150
50
192
148
60
91
106
56
224
163
248
119
204
80
93
152
95
93
27
41
117
255
61
203
112
48
164
81
109
213
83
192
205
187
25
139
202
20
221
161
89
132
226
122
98
135
224
197
72
155
187
124
92
191
205
137
33
195
90
16
48
229
194
168
161
147
190
81
47
70
81
70
33
68
47
50
175
92
112
186
122
204
206
57
186
19
167
75
72
27
164
92
147
221
102
141
104
205
121
0
81
194
192
163
123
107
161
161
71
204
255
188
123
150
78
127
201
166
83
67
82
33
158
63
129
50
121
150
81
185
124
40
48
111
165
48
64
141
98
39
80
157
137
186
209
81
158
33
140
80
41
148
47
174
111
122
129
111
79
202
107
212
164
64
136
153
204
48
143
42
90
79
84
208
81
138
200
94
31
39
182
220
224
212
102
32
121
48
158
117
90
161
70
163
93
50
159
234
164
118
119
202
126
93
32
29
173
157
134
91
189
89
77
27
26
48
126
76
64
211
227
206
88
123
151
72
213
138
95
195
156
228
210
196
57
6
183
101
45
150
119
40
131
91
23
160
139
147
71
103
101
149
42
87
119
126
225
131
255
95
128
136
49
246
213
101
246
72
160
122
155
62
139
183
131
149
211
45
22
236
39
41
209
146
169
55
228
27
65
176
148
207
215
103
23
246
199
203
36
160
255
145
138
174
55
187
222
94
98
236
60
69
142
124
53
86
28
197
253
171
234
163
112
85
15
131
152
105
119
0
141
31
39
93
145
58
159
49
61
229
73
242
170
49
180
226
59
179
106
147
250
24
111
217
197
142
168
47
97
137
26
200
40
131
204
199
215
103
207
214
200
108
163
158
43
223
115
69
195
84
142
143
142
183
19
0
72
111
46
188
131
125
71
132
38
146
64
73
152
194
112
64
119
128
104
216
76
164
229
56
122
163
67
47
199
198
26
44
88
124
199
207
246
98
185
96
226
105
23
176
19
105
70
52
110
30
94
187
216
59
117
13
34
57
