41
167
121
1
159
173
192
205
102
72
79
25
182
55
222
27
160
181
145
232
167
70
80
181
46
240
182
198
136
195
89
106
185
88
185
212
160
96
95
39
149
8
46
82
202
83
70
207
120
207
105
39
173
65
89
162
187
50
127
227
205
171
147
222
148
43
155
210
140
117
204
54
47
79
32
72
164
177
193
147
96
121
84
208
211
84
125
205
164
50
105
209
84
164
191
114
51
103
89
91
170
121
169
137
207
103
178
246
187
94
54
248
186
64
167
218
215
48
180
137
148
51
135
107
212
113
130
128
45
115
13
16
221
191
140
118
45
220
126
178
148
104
202
83
210
79
79
65
51
97
44
20
90
63
121
78
71
143
219
169
16
135
51
224
186
140
74
173
44
196
212
13
150
159
111
219
159
67
215
193
133
164
129
58
192
131
151
92
128
132
125
123
229
149
255
113
173
63
63
37
54
96
182
195
109
77
158
196
45
92
188
72
197
24
216
203
76
210
35
197
114
236
46
74
96
177
185
32
189
198
147
181
69
191
127
145
28
121
44
97
52
162
200
60
213
82
77
60
52
111
90
44
65
12
66
27
97
170
183
156
129
155
109
203
48
128
129
72
196
91
119
44
165
212
154
50
115
211
67
205
204
24
108
102
55
151
148
51
101
147
197
191
202
194
117
141
181
126
160
189
117
11
98
163
89
159
171
212
203
71
92
79
70
82
61
83
201
45
192
121
200
153
112
192
27
109
128
140
159
124
220
124
79
146
174
80
106
169
152
193
82
126
51
172
173
55
120
97
73
117
1
175
153
42
202
66
177
135
225
111
147
116
176
122
148
210
248
142
48
193
68
169
107
75
208
121
155
190
46
79
179
145
156
109
147
163
181
121
153
207
46
208
143
190
160
174
215
57
92
35
135
134
74
110
198
176
194
64
223
166
197
5
44
66
220
83
225
8
89
70
213
225
146
64
171
216
66
113
58
116
77
79
76
94
137
202
160
229
141
207
227
97
54
64
168
219
23
183
130
120
179
152
79
144
79
216
144
119
16
50
124
114
40
43
68
169
66
72
129
148
222
121
184
211
25
162
156
9
3
221
92
141
112
8
72
101
163
10
162
167
153
41
0
27
218
180
68
44
164
137
169
220
43
185
197
122
190
27
123
228
210
158
37
177
158
185
140
37
9
32
112
108
20
112
202
33
49
174
194
177
24
67
197
206
92
110
41
44
93
34
114
178
207
53
214
100
36
129
76
190
214
50
96
52
229
50
59
121
46
113
141
66
203
98
43
56
176
176
207
223
59
66
0
208
189
13
33
206
41
68
117
52
76
167
212
141
178
211
69
66
171
57
48
175
139
148
200
40
75
171
222
136
75
139
187
52
164
77
221
76
85
64
190
131
134
187
177
187
206
121
99
151
203
45
171
35
113
75
128
37
178
109
77
31
227
140
63
17
43
207
99
174
140
62
78
194
95
153
206
181
95
102
108
186
180
42
122
121
206
167
208
195
214
199
185
69
184
129
44
104
117
48
65
59
130
208
70
162
160
194
35
85
159
34
158
136
125
168
83
164
45
162
105
50
196
115
109
92
176
134
159
61
70
147
44
168
124
210
124
140
203
194
99
43
211
52
88
200
195
56
209
180
129
52
46
86
120
210
176
56
218
169
58
25
163
176
102
114
76
213
155
138
77
58
76
209
152
166
57
91
0
17
163
105
41
146
94
196
86
182
83
148
23
103
94
46
168
169
176
78
190
234
124
42
254
50
29
40
118
11
157
163
117
220
40
170
118
223
173
170
28
114
23
142
180
127
60
207
183
96
113
241
197
195
89
171
215
94
192
186
107
134
58
21
229
87
46
45
43
147
138
40
93
143
166
116
94
121
108
173
178
220
166
146
62
47
220
45
100
188
179
69
169
156
140
66
86
223
164
217
184
44
183
26
183
197
144
80
100
226
99
154
142
156
26
200
197
132
133
164
1
159
30
165
55
81
90
104
88
127
72
182
166
188
55
52
76
156
179
188
87
186
37
52
58
129
52
93
123
233
190
11
185
86
38
172
137
104
24
67
201
199
159
182
110
101
127
202
226
99
135
128
159
159
122
9
182
182
78
32
55
183
25
93
223
35
244
21
47
186
199
223
226
117
149
98
177
70
41
170
147
176
101
76
133
169
183
203
174
200
252
35
102
242
160
68
79
165
75
61
70
89
128
192
108
34
220
37
176
107
103
83
88
20
188
27
157
169
217
177
177
99
157
208
2
65
110
221
97
232
29
97
142
0
205
126
81
211
52
56
124
150
99
153
34
68
230
186
111
103
221
194
196
91
35
45
139
90
129
111
48
100
176
189
163
138
209
112
115
97
46
74
197
206
192
108
61
119
138
69
206
181
41
123
105
160
162
91
144
34
87
205
116
132
133
194
86
182
105
46
23
164
180
50
170
76
255
175
155
87
56
193
38
125
211
41
147
166
178
170
115
130
59
224
179
125
171
182
122
184
124
166
153
211
186
57
83
146
75
137
83
166
88
201
39
161
106
184
241
64
76
214
131
163
214
169
223
157
102
92
55
199
193
167
117
92
223
209
60
178
181
190
101
64
217
118
51
122
177
39
26
217
195
11
48
154
143
88
218
134
185
105
217
176
210
203
135
103
127
142
159
181
56
113
141
171
78
165
103
80
175
71
135
196
141
120
144
164
45
155
39
83
169
45
159
161
72
98
83
46
195
162
154
188
156
189
165
77
141
38
36
92
121
147
217
103
41
220
107
33
57
119
108
161
186
126
207
23
50
192
209
166
171
168
222
191
151
251
116
59
201
104
184
127
191
37
157
167
132
218
178
80
27
46
69
36
55
90
155
39
29
152
35
0
160
216
188
125
203
72
154
222
84
196
189
214
86
218
54
67
