[0.0011255  0.00089028 0.00096295 0.00106245 0.00084738 0.00116577
 0.00121382 0.00105627 0.0014115  0.00116818 0.00100007 0.00102891
 0.0010951  0.00084009 0.00083753 0.00121454 0.0011407  0.00075568
 0.00123167 0.00113086 0.00086565 0.00105142 0.0011139  0.00118305
 0.00085219 0.00102158 0.00095032 0.00101535 0.0010162  0.00123501
 0.00117905 0.0010169  0.00097662 0.00185331 0.00117411 0.00106353
 0.00087154 0.00102024 0.00118602 0.00121413 0.00151345 0.00094579
 0.00143328 0.0013282  0.00101881 0.00089231 0.00100293 0.00126899
 0.00124328 0.00123366 0.00092366 0.00081451 0.0009373  0.0009861
 0.00099079 0.00071774 0.00114544 0.00092541 0.0010255  0.00108027
 0.00087658 0.00145794 0.00094378 0.00092668 0.00113485 0.00100718
 0.00094875 0.00101487 0.00109246 0.00093529 0.00093099 0.0008165
 0.00137725 0.00073222 0.00111304 0.00076028 0.00089807 0.00092866
 0.00085592 0.00104728 0.00105656 0.00101915 0.001024   0.0009837 ]