65
78
142
188
187
99
162
125
97
136
95
176
173
165
43
102
77
57
44
146
100
131
162
91
60
149
148
167
168
49
126
193
123
50
56
181
73
74
103
183
73
165
99
107
159
137
99
110
91
181
80
100
123
193
143
156
103
114
142
124
154
178
118
122
107
168
173
100
121
107
119
57
73
169
144
90
161
153
189
92
212
172
151
144
141
110
167
110
109
158
36
62
123
174
188
144
67
172
162
129
58
137
112
141
188
129
119
118
126
134
156
203
188
186
134
87
147
72
32
132
118
30
18
20
33
255
167
95
119
67
178
96
131
146
98
118
227
185
67
23
239
208
79
123
49
129
82
96
81
60
65
17
138
155
213
103
178
30
40
168
133
47
24
124
222
93
68
232
100
111
46
88
153
199
38
40
198
105
68
115
212
66
71
209
183
58
209
117
136
101
124
196
156
86
40
98
152
121
181
155
118
88
220
219
59
159
126
73
177
131
137
146
156
232
123
75
22
126
184
209
151
95
90
137
97
127
197
160
193
80
116
197
120
95
78
36
116
186
222
50
50
241
79
165
47
129
224
92
30
85
132
175
97
180
59
40
34
91
198
35
136
130
52
109
72
138
170
34
155
131
67
139
255
134
199
67
36
18
41
187
93
42
124
111
233
88
223
69
198
136
239
128
132
106
49
217
151
227
90
32
104
205
116
188
194
203
124
112
125
222
190
159
255
146
201
75
115
198
183
53
113
116
212
174
35
138
133
225
117
187
166
99
71
82
94
78
157
51
129
77
83
179
72
51
19
87
182
179
46
125
131
96
73
191
193
103
206
137
119
142
149
66
204
140
135
144
70
95
124
11
74
106
175
83
85
111
43
67
156
40
141
135
136
49
102
166
88
69
145
162
89
195
122
171
177
102
166
57
42
105
77
171
142
169
191
56
186
113
96
233
84
197
147
123
63
78
53
105
77
149
113
186
151
172
106
153
217
170
142
71
144
148
226
199
199
123
233
213
140
130
76
73
79
47
106
64
130
154
23
37
192
84
99
170
105
195
193
82
89
85
104
89
146
102
131
171
113
160
198
173
148
65
107
190
143
74
150
118
144
91
173
117
170
62
104
190
104
123
51
83
185
75
87
124
44
115
116
93
162
82
102
97
166
135
176
178
127
79
109
166
185
161
82
114
115
89
150
112
132
146
203
185
118
82
163
197
187
208
188
192
195
199
197
190
130
158
129
95
196
71
161
147
111
155
83
80
156
164
169
190
141
118
140
111
128
174
105
109
151
46
194
181
160
76
86
196
173
76
81
109
107
80
146
146
131
63
86
0
24
160
98
16
34
66
84
21
125
94
79
89
166
116
102
60
175
194
99
123
66
108
148
90
87
117
178
85
107
152
165
163
87
102
105
133
170
97
132
207
103
126
108
69
90
104
88
63
104
152
144
114
105
131
177
171
125
180
144
146
187
176
187
97
117
176
147
171
95
153
71
112
83
76
95
82
89
122
157
62
109
124
138
86
100
166
79
134
125
179
108
111
103
144
192
119
103
152
143
123
112
177
28
179
138
177
190
135
168
209
172
112
148
205
134
86
107
195
88
133
107
139
177
202
208
176
93
216
115
104
220
201
165
156
255
222
172
94
184
187
160
178
161
105
67
112
73
67
106
81
87
100
66
105
61
157
97
120
119
137
75
135
49
124
179
134
117
67
52
102
143
136
170
172
186
143
94
99
90
91
134
143
104
63
1
114
102
164
79
65
171
207
169
128
185
180
190
79
124
138
58
68
98
87
138
167
157
106
133
163
186
127
123
140
164
99
62
176
176
117
48
106
81
68
84
175
165
120
116
139
85
166
161
125
152
122
157
120
89
154
116
181
76
164
101
182
108
189
117
147
127
128
111
120
165
132
167
69
87
80
183
130
102
85
180
181
57
164
125
84
139
136
111
189
84
112
166
73
82
64
74
159
109
118
96
140
95
193
136
155
170
207
160
167
178
198
125
106
120
161
78
115
196
122
105
105
106
193
81
77
83
71
120
63
83
85
162
132
89
81
88
156
197
182
108
197
174
204
178
112
56
98
153
186
57
29
143
200
203
138
73
45
74
180
37
80
173
111
166
155
187
114
145
149
131
107
151
64
66
63
157
105
43
82
149
176
156
20
40
57
125
94
137
198
102
72
160
171
183
179
45
201
164
190
105
48
190
91
190
21
19
193
92
97
32
39
48
100
100
192
106
65
87
80
79
167
162
113
150
139
161
202
76
50
196
213
133
36
109
110
81
168
152
174
209
165
55
181
186
177
32
154
158
163
141
69
162
241
205
92
115
81
128
164
0
138
154
62
128
81
98
137
144
130
171
51
101
111
160
31
15
25
134
74
31
130
119
49
136
91
201
144
198
117
149
110
55
112
122
110
138
93
132
123
131
98
5
41
106
11
60
177
20
107
49
115
113
95
155
157
101
103
67
89
58
47
142
57
11
59
162
186
187
138
166
193
70
255
132
76
62
85
146
112
156
97
135
162
122
39
77
158
61
117
113
179
144
115
150
99
127
142
134
151
170
106
154
151
155
104
151
125
176
146
154
76
133
97
1
72
122
119
37
153
93
136
175
187
213
168
145
162
219
143
128
173
110
185
115
147
120
66
99
96
192
184
96
134
60
10
94
152
147
52
67
34
115
127
95
179
146
164
147
125
121
222
194
196
231
171
229
169
194
126
162
154
143
111
46
169
77
123
167
169
145
62
155
96
144
50
139
136
70
114
26
86
135
93
182
121
173
197
188
241
246
182
68
40
96
116
174
128
114
161
91
107
73
188
128
218
182
77
125
175
189
252
101
66
48
140
137
149
146
60
76
152
97
130
30
165
106
30
217
147
57
89
77
140
88
123
169
181
76
112
191
199
166
208
138
118
138
167
14
55
59
158
142
51
29
37
92
79
75
138
34
162
54
188
165
62
42
131
196
108
158
181
82
17
184
76
120
80
142
132
127
135
58
97
195
105
120
67
183
171
149
147
172
187
207
106
211
69
176
179
191
255
153
84
125
244
108
195
151
164
105
180
173
237
149
233
165
157
105
124
188
170
51
47
125
151
121
163
162
83
168
199
99
104
35
210
92
64
17
50
157
72
230
81
161
127
103
106
132
108
186
87
209
98
191
156
38
144
68
216
89
21
116
50
152
145
142
97
206
152
209
60
147
188
204
46
171
122
76
208
157
100
166
86
183
172
133
124
182
139
190
51
152
175
75
43
145
70
88
184
13
144
215
144
98
46
24
86
119
205
41
53
162
148
214
213
150
77
31
40
0
92
80
30
51
66
170
6
200
107
85
18
144
45
167
136
165
96
178
108
202
104
206
187
216
66
77
161
184
114
21
87
185
140
60
150
70
108
90
136
45
54
191
52
40
103
77
191
28
78
96
45
187
177
133
112
176
168
97
59
151
196
159
37
115
188
144
114
120
105
137
170
188
95
207
175
178
213
165
70
117
152
131
117
198
77
77
134
60
179
160
94
122
154
172
185
115
187
199
158
52
85
191
204
101
203
194
100
166
205
145
172
58
39
60
77
145
94
177
77
184
33
149
53
36
92
33
60
56
111
7
87
34
141
63
138
168
49
106
68
166
230
154
147
161
147
160
67
10
132
87
126
81
71
37
119
150
138
11
107
101
65
188
91
201
156
107
156
154
150
158
84
98
189
152
224
196
82
125
255
120
134
211
146
158
146
91
47
202
118
56
59
35
78
176
154
134
66
70
125
151
117
166
20
166
202
121
154
14
137
184
176
155
29
136
183
185
117
48
53
98
127
150
108
125
97
123
166
146
131
138
103
124
132
180
97
102
155
178
55
157
86
156
151
119
102
183
133
110
128
169
80
175
82
172
127
95
125
46
96
185
142
145
91
176
102
175
61
148
118
119
190
94
178
98
148
66
82
170
164
193
84
74
196
201
130
110
186
198
119
134
149
175
183
212
108
159
162
177
125
169
156
55
86
197
197
156
190
85
220
185
187
98
124
196
127
133
120
81
51
136
75
134
46
114
139
68
92
64
78
115
126
57
0
9
19
78
106
46
52
27
79
106
36
44
61
105
102
119
78
83
124
178
135
127
54
37
146
149
137
151
165
187
141
146
103
164
130
199
145
124
41
156
132
164
137
80
187
132
161
164
90
117
133
98
198
209
94
162
97
129
121
81
44
54
75
66
133
188
140
203
158
91
72
174
111
80
163
67
159
162
110
101
51
122
62
66
134
73
138
107
156
93
151
67
117
181
62
134
53
81
89
171
88
178
195
126
148
94
59
150
181
19
53
24
41
94
163
103
186
70
192
160
37
185
160
129
157
71
174
149
96
209
203
194
157
122
134
62
155
192
181
50
179
79
48
1
118
170
93
25
80
52
144
76
50
179
166
106
158
142
246
235
105
156
247
236
109
7
101
191
65
140
79
106
192
47
206
169
217
141
170
207
76
154
189
177
191
84
160
174
149
80
133
130
144
80
189
156
127
57
161
175
105
172
34
175
132
32
131
48
48
80
58
105
104
74
156
207
94
162
61
114
82
194
169
196
168
47
39
123
176
169
160
100
121
119
109
91
85
38
74
178
120
199
156
153
107
127
171
178
65
128
182
78
205
99
99
50
91
201
164
130
0
82
119
176
107
147
121
209
126
120
169
187
158
31
156
223
138
194
198
193
89
63
111
189
168
53
134
87
21
122
182
30
149
96
187
65
54
209
92
140
87
184
63
113
227
189
215
159
190
238
166
113
130
153
193
164
83
65
6
196
147
95
68
128
84
103
108
75
152
153
164
115
122
111
70
76
95
167
96
160
158
67
71
184
69
153
87
117
179
140
209
67
178
149
67
138
124
118
122
70
112
154
106
110
119
170
137
125
116
157
115
140
93
63
115
81
68
142
128
153
112
187
133
136
189
164
97
165
110
117
136
89
50
228
208
114
53
110
204
153
200
45
120
121
166
62
118
153
218
116
93
112
98
149
142
40
131
141
70
193
203
255
96
171
104
128
239
152
55
147
174
180
117
146
118
149
25
145
199
136
136
59
33
58
96
83
123
39
127
18
125
143
154
29
49
159
175
137
107
112
107
117
132
159
93
68
193
100
188
69
224
190
170
142
214
66
43
193
197
137
82
106
89
144
155
152
109
142
195
218
158
30
193
129
144
89
157
48
185
83
111
95
123
165
115
80
91
170
219
94
43
74
221
183
35
121
161
75
60
205
210
38
106
100
40
224
122
188
66
52
118
192
167
172
94
145
148
163
190
112
65
235
81
157
138
67
117
105
152
229
182
131
188
101
82
130
125
150
115
63
161
62
139
178
123
102
47
167
160
162
121
62
78
191
167
140
1
77
139
190
13
77
24
123
119
177
76
194
139
207
10
57
96
34
104
73
59
188
94
198
82
51
141
204
100
98
145
0
59
189
170
134
115
71
82
