[0.00089557 0.00072777 0.00110771 0.00068823 0.00117    0.00108392
 0.00114591 0.00091726 0.00054997 0.00120265 0.00099559 0.00144052
 0.00093906 0.00096885 0.00094569 0.00106723 0.00069883 0.00095955
 0.00118083 0.00120163 0.00115708 0.00104466 0.00097901 0.00129518
 0.0010667  0.00110485 0.00056832 0.0008019  0.00113761 0.00105806
 0.001045   0.00110567 0.00126694 0.00105176 0.00058933 0.00166644
 0.00113532 0.000786   0.00062979 0.00166685 0.00079449 0.00065367
 0.00081072 0.00080939 0.00116825 0.00126477 0.00109177 0.0011577
 0.00057653 0.00089858 0.00119173 0.00113284 0.00053529 0.00100416
 0.00108318 0.00056881 0.00083306 0.00099613 0.00125804 0.00060472
 0.00122635 0.00161519 0.00090897 0.00070368 0.00094242 0.00081536
 0.00077548 0.00098271 0.00091917 0.00103106 0.00112652 0.00095636
 0.00082316 0.0010751  0.00104892 0.00100076 0.00079447 0.00106106
 0.00077012 0.00119522 0.00055751 0.00092251 0.0008617  0.00061481
 0.00091977 0.00054861 0.00074624 0.00091126 0.00116532 0.00111736
 0.00094189 0.00111438 0.00098003 0.00117947 0.00106742 0.00113663
 0.00074196 0.00113652 0.0008016  0.0009696  0.00099534 0.00087832
 0.00083669 0.00120263 0.00068282 0.00129578 0.00099554 0.00089013
 0.00166816 0.00099021 0.00099238 0.00104149 0.00095968 0.00062286
 0.00103861 0.00110904 0.0005945  0.00106689 0.0008282  0.00117914]