63
64
149
202
84
75
181
109
115
42
164
85
119
61
154
82
94
93
35
108
219
53
89
211
134
78
64
130
114
216
205
45
102
68
72
196
95
155
0
163
39
171
83
172
180
178
151
179
144
230
88
81
130
65
73
98
102
117
188
211
200
64
115
85
181
103
92
201
166
119
205
47
95
172
127
75
90
127
154
151
92
67
220
116
160
105
207
98
127
0
205
193
174
100
71
156
78
133
201
185
221
76
108
173
38
21
76
174
189
249
96
69
234
48
121
144
178
77
137
89
156
144
117
50
164
199
190
69
213
146
77
54
202
118
139
45
85
191
100
139
40
38
111
133
60
100
91
48
119
132
128
62
53
156
146
66
134
115
224
41
170
96
139
110
119
111
177
152
202
64
142
178
95
152
96
180
120
112
198
137
201
113
50
102
145
186
78
125
159
88
133
99
53
93
180
202
181
200
116
178
89
56
97
95
164
172
46
111
0
236
203
39
107
193
111
116
183
201
99
129
95
138
152
48
87
140
189
35
104
187
151
170
72
122
128
36
190
66
141
66
168
189
207
70
37
154
38
184
231
155
196
64
58
79
74
10
209
196
88
195
122
195
93
50
148
241
30
224
97
74
22
118
65
236
16
200
1
55
104
81
139
102
52
128
196
24
218
192
127
153
97
44
99
173
226
83
70
115
216
0
163
167
11
25
79
188
68
119
130
210
165
64
168
59
144
100
70
47
176
119
202
113
190
173
111
84
191
214
187
20
208
127
89
85
224
62
209
135
131
246
63
109
141
190
115
68
90
29
226
62
26
64
90
19
24
193
93
60
208
184
241
158
133
63
66
215
202
83
183
166
167
27
83
199
169
203
103
235
214
98
48
205
30
128
144
81
64
61
211
175
191
119
99
99
84
114
52
196
0
183
104
113
72
2
36
224
115
56
69
93
179
87
167
110
205
52
134
190
238
104
180
179
200
56
81
15
15
212
197
20
30
84
56
228
156
54
105
202
1
72
105
176
128
48
59
35
240
80
41
155
58
67
214
0
122
55
156
164
56
238
169
179
67
144
194
155
167
144
189
128
99
215
84
250
109
226
213
65
233
168
151
130
108
114
149
43
6
231
168
192
117
197
85
209
62
36
35
67
74
152
153
182
107
148
58
77
181
134
38
27
168
69
92
169
91
84
144
81
58
54
153
186
11
90
65
52
112
214
181
155
80
173
34
144
122
140
85
128
146
100
90
182
83
33
112
82
86
155
64
113
64
82
148
162
156
150
121
134
141
161
146
136
227
86
157
191
162
116
123
74
153
168
135
209
117
144
49
159
175
71
80
140
132
0
59
227
140
101
189
108
103
62
52
75
143
193
34
71
94
138
33
196
79
207
198
170
0
109
173
85
201
68
71
159
129
106
137
112
166
118
142
144
89
133
145
115
219
86
171
64
112
221
61
139
76
157
58
219
41
201
79
177
125
169
73
166
122
95
53
58
84
54
82
156
152
139
175
199
195
131
39
113
226
183
129
96
162
182
160
82
102
118
118
162
68
126
153
12
43
107
100
191
165
93
95
181
137
148
127
132
55
109
89
103
26
70
45
124
42
80
188
146
83
181
76
38
168
189
81
59
164
237
106
0
139
83
197
69
150
207
196
163
161
146
191
107
50
183
116
161
182
205
149
61
150
115
85
141
169
176
177
157
58
167
120
121
81
197
129
150
70
140
139
78
88
73
64
103
133
173
220
172
172
174
76
148
153
34
99
223
182
81
71
88
0
150
88
220
93
225
228
43
134
104
177
151
149
104
105
56
105
103
149
111
179
53
104
75
94
59
64
188
225
94
99
145
152
134
135
78
146
100
151
197
133
134
79
89
48
172
77
143
219
48
3
122
161
184
105
79
165
122
31
114
98
213
39
130
44
220
