165
160
166
86
234
216
131
94
212
127
76
189
78
50
141
236
90
87
19
45
50
255
98
97
25
121
141
19
141
153
169
99
16
4
210
14
53
204
119
249
228
168
240
213
124
45
171
255
166
27
240
184
13
236
170
247
225
61
90
0
119
189
181
196
17
103
38
88
129
207
218
223
198
201
218
114
103
76
128
167
86
0
144
153
156
40
145
87
210
204
112
29
139
135
181
86
188
162
101
79
176
117
123
140
92
241
204
154
115
123
77
184
135
186
14
236
75
0
36
70
48
168
33
70
45
154
152
226
234
167
201
145
194
105
138
64
77
24
46
62
52
0
126
70
79
168
226
53
204
176
