199
88
160
189
81
175
57
117
96
78
195
221
50
56
204
163
130
199
0
74
130
209
98
150
183
154
111
101
122
64
152
94
187
104
161
221
110
214
64
119
80
174
181
176
42
123
99
62
172
103
134
87
152
142
162
116
83
139
98
93
93
210
154
108
95
126
149
195
157
72
81
241
121
52
213
184
169
194
51
181
120
162
212
99
66
49
141
174
135
185
167
129
101
122
105
112
167
70
81
164
99
81
150
151
80
205
92
172
118
45
86
180
230
97
167
187
182
199
92
73
152
104
111
195
42
57
35
133
42
191
218
74
173
57
226
144
97
124
165
114
160
131
87
225
185
51
138
171
93
234
90
11
136
255
166
103
122
212
112
168
37
197
170
148
173
179
207
43
26
62
102
60
81
126
156
89
91
181
203
121
138
122
122
190
47
216
215
143
171
89
191
107
55
159
50
66
221
163
170
29
94
161
220
102
54
169
127
202
53
73
3
239
25
119
108
103
175
155
125
27
198
127
37
175
34
121
231
33
150
52
92
147
100
190
203
100
32
215
217
62
29
238
1
120
146
164
226
182
78
122
183
224
64
74
79
61
141
53
146
154
110
126
64
179
69
51
68
93
170
121
97
182
248
112
93
60
200
159
195
72
94
89
75
135
160
144
126
27
45
108
124
143
85
38
41
155
146
62
17
120
36
66
222
170
147
89
139
191
64
216
182
206
176
145
111
149
144
231
124
113
217
150
85
180
76
148
54
96
39
134
54
188
206
48
106
209
167
34
179
188
99
125
56
19
70
119
162
190
204
163
60
152
116
63
59
140
222
168
205
197
202
43
84
38
187
153
198
162
140
135
122
114
181
114
68
159
171
38
123
202
197
92
23
157
60
115
216
83
224
211
155
185
59
198
141
115
27
128
114
50
89
80
100
106
89
153
131
147
153
102
193
169
109
219
55
162
50
153
190
43
49
105
160
199
106
109
196
102
121
255
163
163
142
185
101
169
80
120
117
177
182
214
158
139
44
164
170
124
103
116
88
154
170
60
92
167
161
36
123
79
75
82
139
103
116
100
73
247
37
215
143
105
217
182
177
116
122
191
167
178
109
2
134
149
145
255
3
59
105
162
188
43
157
22
80
87
171
136
135
141
187
138
147
33
58
153
170
210
78
113
117
214
111
234
35
185
163
167
163
20
40
7
168
126
151
162
66
171
139
204
199
154
60
106
50
31
61
201
94
72
113
11
176
193
170
122
69
142
101
9
81
13
165
89
27
188
108
76
93
74
75
171
124
74
156
211
149
165
199
10
48
12
64
98
59
6
123
138
186
95
255
47
133
202
243
107
223
164
154
253
63
137
160
41
225
149
120
82
111
218
131
156
193
72
64
84
45
172
91
45
163
186
31
65
123
90
160
102
14
51
171
91
159
141
192
89
145
69
82
114
173
212
164
131
158
22
93
147
98
204
204
87
177
108
62
125
97
72
189
31
34
206
48
53
154
170
167
144
191
53
210
76
115
173
143
156
207
87
158
180
38
111
166
138
134
210
128
224
145
212
169
171
122
182
20
130
103
97
135
240
165
78
103
179
78
98
64
156
68
75
110
11
151
166
67
51
255
85
114
63
157
40
83
206
167
215
140
72
99
51
145
135
44
179
115
175
118
139
101
40
104
90
180
55
177
127
178
205
169
128
0
65
80
80
85
145
166
149
121
145
202
143
124
77
126
196
138
72
120
180
203
159
170
102
160
141
210
49
129
94
52
161
153
190
144
71
99
188
146
74
188
99
169
193
175
69
177
82
90
105
98
93
182
180
83
55
130
209
68
111
82
170
101
190
135
127
117
166
105
96
175
168
84
116
156
75
106
76
73
148
164
152
161
190
192
127
51
108
165
48
50
106
209
65
150
93
156
175
141
86
125
122
101
157
174
212
98
163
188
173
53
163
193
83
94
91
171
235
123
143
51
219
170
127
116
72
110
119
95
147
84
84
178
98
194
102
74
183
219
185
141
62
127
39
126
132
163
90
126
67
114
57
60
30
63
158
93
199
105
122
185
197
185
106
134
181
186
204
209
177
88
145
162
76
70
107
76
81
126
204
105
97
76
69
112
78
208
214
142
255
129
168
142
98
205
186
78
74
195
104
215
133
95
156
211
125
113
153
192
157
90
134
64
116
162
40
72
35
113
82
75
113
150
127
174
81
111
91
163
123
142
165
79
157
77
125
156
70
114
131
73
97
118
227
20
161
106
79
94
174
117
124
172
52
90
139
139
142
108
165
174
151
59
162
111
139
83
123
180
118
156
103
105
87
55
92
196
76
55
120
103
171
84
183
155
183
144
141
51
141
200
125
126
165
186
139
187
189
209
182
153
181
75
121
98
116
103
58
88
138
110
255
107
93
86
187
137
151
175
96
178
102
89
72
85
182
142
92
145
182
96
108
187
193
54
109
153
133
145
181
75
34
131
70
55
188
181
175
108
94
121
158
63
199
113
178
57
117
37
163
119
118
228
58
161
173
98
96
49
61
176
202
101
162
97
1
165
210
89
149
205
160
82
124
169
205
95
96
95
139
69
217
200
182
139
145
82
23
111
197
169
161
205
50
87
107
194
85
199
105
122
128
142
26
115
114
107
122
164
160
119
63
109
65
148
203
161
135
176
115
80
92
133
139
169
132
103
153
55
123
173
124
178
92
86
80
88
119
200
138
83
35
68
183
214
142
50
109
146
130
221
111
169
135
108
157
219
161
173
90
200
86
172
212
62
169
165
66
90
214
142
189
194
146
158
124
121
41
114
154
73
170
27
51
193
229
178
217
38
1
92
108
148
111
26
91
80
58
91
227
82
99
106
178
139
76
76
166
186
82
166
198
164
207
174
164
96
37
96
217
77
24
127
75
238
101
197
143
189
82
189
201
159
79
198
172
122
109
195
77
96
161
81
91
108
190
215
182
150
39
167
143
194
60
192
158
213
243
81
228
225
28
137
33
221
173
80
134
87
41
184
70
150
54
66
133
156
86
133
153
205
252
116
101
56
75
89
146
24
44
152
99
51
92
79
154
66
199
65
43
159
99
182
167
210
178
142
169
76
154
161
105
194
72
131
71
234
121
158
123
201
169
154
102
209
100
106
237
78
194
184
87
162
202
202
137
208
48
133
103
142
107
149
58
222
84
134
92
126
85
140
210
185
176
204
81
187
155
103
182
94
229
255
156
136
129
123
84
212
100
30
43
196
17
105
223
181
112
156
86
150
76
177
158
90
131
184
159
141
79
120
215
100
168
201
134
130
80
216
192
143
85
67
126
134
106
40
109
78
112
151
63
151
255
100
159
183
47
146
105
58
161
122
79
191
151
98
145
68
117
108
62
185
111
21
135
228
68
87
122
203
162
159
75
67
180
126
127
111
56
100
180
173
152
156
65
182
178
120
157
164
164
50
168
19
159
108
177
128
212
160
82
143
159
61
205
151
53
59
152
161
89
54
178
190
49
150
120
204
40
47
195
118
153
151
84
106
99
162
52
65
174
120
60
163
145
127
192
105
103
97
200
237
94
218
85
122
120
49
196
63
166
67
103
40
239
81
96
40
7
133
108
190
26
130
219
146
197
84
39
168
52
163
240
93
160
194
139
81
89
167
91
233
219
209
173
60
224
227
20
93
143
46
70
196
68
146
36
190
181
185
202
170
174
207
41
90
199
202
52
42
119
104
40
92
123
147
139
92
169
36
86
27
72
24
46
111
244
182
55
200
183
173
43
189
133
90
111
144
162
51
40
165
216
46
76
98
105
192
193
136
140
189
1
151
55
218
98
116
202
33
143
192
68
128
171
69
41
226
128
175
100
190
75
124
153
191
72
165
13
180
184
209
235
63
197
68
178
165
248
93
28
181
82
58
40
196
203
240
211
109
178
48
241
239
79
54
109
223
195
168
207
182
97
47
234
124
150
215
173
82
54
194
120
83
129
117
151
223
42
80
9
94
125
46
190
97
199
58
122
40
185
216
85
194
161
102
74
160
224
211
124
155
1
199
34
38
77
149
42
114
142
215
24
192
137
208
154
28
134
160
173
198
54
16
170
216
244
213
131
131
166
132
137
41
129
85
58
167
62
120
163
121
47
178
65
71
158
175
83
176
154
179
160
195
175
178
142
78
98
194
165
161
147
105
6
96
160
136
91
137
82
134
46
135
207
178
111
177
108
80
189
154
165
178
179
103
149
194
88
119
146
110
166
226
159
121
97
80
137
139
213
148
179
59
99
149
125
151
83
197
213
180
195
179
102
137
172
209
142
70
100
169
132
64
170
94
116
105
153
196
140
102
183
155
61
255
30
86
178
88
123
188
134
139
81
95
141
83
160
143
107
76
109
79
138
153
207
86
138
80
222
123
107
202
72
209
34
0
180
179
85
66
56
165
144
58
186
47
185
162
113
209
171
77
136
133
156
160
142
152
179
188
209
164
106
138
99
76
229
184
71
196
92
84
93
193
213
85
66
149
66
189
125
123
132
105
151
67
194
209
172
96
109
110
53
135
122
149
147
116
132
141
116
178
140
108
169
84
181
38
122
72
115
56
123
202
132
185
66
176
173
194
83
193
135
163
94
79
143
50
142
118
170
135
176
186
150
188
64
171
179
158
139
167
9
198
69
83
6
174
224
183
237
24
208
241
172
229
152
219
123
176
198
199
169
7
131
34
172
96
199
23
61
166
71
168
15
146
16
96
206
98
154
182
20
92
36
159
182
197
36
168
4
158
162
47
161
184
15
41
214
155
74
164
52
205
58
44
16
20
191
78
148
76
75
81
171
43
27
1
219
35
140
150
210
222
20
118
127
84
25
114
68
209
36
186
0
134
167
41
98
230
137
46
32
35
24
14
43
95
48
35
223
166
183
206
17
179
198
177
178
119
178
127
93
110
79
137
62
60
178
228
151
181
91
76
82
204
57
255
117
127
58
80
58
176
136
140
210
155
116
202
85
82
59
119
57
198
136
127
59
160
140
170
62
150
98
67
205
38
115
106
87
90
63
151
75
210
91
191
61
103
136
158
118
152
154
161
128
120
17
116
113
115
183
122
140
113
112
93
125
216
58
191
109
114
156
99
164
89
233
156
130
48
214
186
254
61
56
106
32
178
127
187
149
240
132
100
19
142
99
197
75
78
103
155
109
156
63
149
155
33
200
130
48
141
116
106
193
101
101
177
185
187
59
192
165
74
149
163
120
152
117
50
61
92
159
89
119
66
186
171
58
61
0
133
87
86
99
168
178
155
127
36
125
121
67
48
117
202
68
130
67
73
208
173
39
183
177
231
61
87
157
203
156
78
150
184
178
133
170
36
178
152
67
171
161
206
188
198
181
210
54
190
190
180
188
182
112
70
146
192
182
229
129
92
129
79
97
141
74
145
94
170
131
91
95
202
94
89
131
87
102
151
71
126
148
201
122
211
140
93
78
123
60
42
192
40
223
100
202
204
170
0
131
102
145
241
29
116
44
33
59
113
123
89
94
75
211
30
129
130
164
64
251
188
72
127
113
65
35
92
204
95
102
60
29
111
234
209
98
84
40
212
165
13
207
230
45
152
150
149
129
28
187
132
188
160
65
211
234
214
107
80
31
47
114
207
82
208
61
89
155
79
103
115
85
230
175
149
73
137
44
58
135
49
89
78
207
52
202
124
192
41
114
127
31
110
39
154
148
146
42
198
185
95
200
81
130
142
203
201
101
121
232
32
78
89
201
70
128
190
144
75
60
156
115
113
17
121
195
84
27
197
115
132
82
221
141
119
124
147
149
130
129
144
209
55
144
57
186
218
140
214
185
113
201
56
126
27
106
107
44
142
133
66
86
88
159
233
79
128
124
78
169
158
145
99
76
182
52
161
85
62
219
115
148
185
114
88
143
149
50
54
112
133
179
203
110
92
158
255
176
196
129
179
146
18
168
137
124
92
235
62
86
89
144
112
105
41
210
74
154
195
37
186
154
202
94
98
96
57
204
80
85
175
112
164
104
93
201
62
82
125
152
28
60
35
122
56
184
37
94
75
59
53
133
120
108
56
157
157
140
93
80
140
173
88
141
191
168
151
161
75
89
189
106
117
127
93
97
208
145
115
139
186
110
68
72
213
90
185
71
158
90
173
169
191
125
63
115
89
101
145
75
180
131
127
222
61
186
139
149
105
207
90
73
58
121
252
50
158
199
84
170
181
156
92
135
100
130
97
153
255
105
154
73
94
95
72
250
215
109
111
191
171
211
169
235
82
103
197
60
213
162
116
133
174
191
128
38
210
75
146
139
168
174
150
108
36
144
147
76
110
142
146
118
143
174
55
95
207
55
180
141
66
127
130
90
207
164
44
165
149
185
133
60
169
172
149
184
189
43
114
201
83
69
40
120
184
77
163
123
106
56
122
49
48
216
47
97
80
188
149
197
194
148
134
130
177
162
74
186
150
144
182
175
198
160
150
119
107
198
118
81
58
174
153
93
118
168
67
171
158
76
1
67
139
181
116
91
159
165
192
129
131
163
147
117
158
48
162
69
247
24
96
139
38
201
83
52
162
11
116
123
190
134
185
244
232
82
69
209
191
34
54
116
218
209
175
228
130
49
200
223
78
222
132
166
195
117
50
251
129
140
192
96
213
154
76
230
103
178
188
55
233
90
11
55
204
122
207
130
131
49
197
145
161
131
173
88
144
86
80
178
163
137
189
202
105
228
30
166
144
160
134
52
212
36
11
226
156
171
219
67
113
22
104
200
187
11
165
185
108
1
60
242
126
135
34
233
120
55
75
72
125
148
114
132
133
213
223
160
162
189
41
40
169
0
125
117
112
77
43
57
192
165
164
18
132
221
213
28
34
101
234
233
109
160
39
94
104
73
50
92
91
180
75
171
229
117
94
191
135
143
236
149
80
201
167
168
204
42
77
77
101
165
127
102
159
152
173
162
201
110
94
26
123
170
139
177
126
105
133
201
120
73
131
139
120
166
209
156
215
135
193
99
113
165
172
253
96
61
74
140
185
155
92
131
50
70
207
93
138
113
145
140
157
157
33
92
186
138
184
151
96
36
148
78
110
161
167
200
208
56
69
189
66
142
201
49
195
192
190
213
136
229
0
129
184
143
97
225
64
222
39
44
52
187
176
160
31
195
62
103
123
53
193
97
144
156
149
153
44
122
201
122
190
123
212
206
154
34
122
81
212
180
35
147
227
76
29
182
76
181
201
204
184
82
221
179
193
170
49
164
206
77
102
133
176
58
139
94
88
198
135
32
94
222
152
193
183
65
139
72
48
169
43
218
137
25
213
121
64
115
78
178
89
59
186
46
89
132
113
168
164
143
42
138
24
36
209
92
111
160
81
138
105
213
92
170
219
111
80
125
188
55
35
159
71
136
100
191
187
159
43
29
91
117
162
2
45
162
113
143
166
155
65
149
103
162
30
116
118
189
54
20
133
216
157
103
53
93
56
191
42
198
172
63
67
138
190
59
31
152
112
46
187
233
67
162
82
190
88
101
139
29
52
16
160
117
126
117
141
92
159
199
176
62
106
112
53
28
180
0
63
145
66
92
64
129
83
70
144
168
121
222
131
110
70
115
135
48
205
150
45
147
139
76
199
19
25
138
20
111
128
41
115
168
206
226
43
68
157
183
181
208
15
75
117
39
116
128
95
84
88
153
99
205
115
136
158
105
178
147
81
105
105
107
97
79
79
58
71
206
218
208
170
164
179
188
50
190
0
106
155
215
124
61
117
207
114
194
114
184
158
69
196
100
84
167
93
178
150
217
158
216
180
72
34
101
189
160
238
192
182
63
41
179
146
245
68
113
175
194
124
143
110
156
162
124
84
41
179
235
216
19
48
163
84
178
46
41
204
182
192
147
152
129
87
158
161
80
147
109
114
81
104
96
107
181
146
193
158
186
166
168
236
179
220
90
94
183
159
44
154
93
99
128
70
58
59
106
127
112
157
187
91
70
155
56
159
91
114
62
190
95
147
130
166
60
154
65
84
130
160
178
158
65
144
187
64
151
93
82
92
54
141
208
81
103
96
170
92
65
122
134
130
131
104
255
64
159
95
135
53
143
97
155
77
99
178
225
95
103
177
188
49
80
121
91
78
159
66
37
97
114
174
159
120
82
160
169
45
113
61
188
168
94
61
189
104
71
31
186
143
147
53
197
46
147
252
189
34
103
183
128
229
128
198
52
166
144
34
62
182
179
176
108
147
171
170
67
152
223
90
177
82
137
89
104
124
155
144
65
110
139
103
200
189
71
123
106
68
138
144
99
145
81
115
70
102
156
174
203
168
114
129
134
127
44
139
143
109
77
216
182
102
166
190
53
195
176
72
175
57
58
127
221
193
124
157
144
40
84
56
255
156
74
183
80
198
53
134
153
28
147
97
61
163
91
102
120
41
157
157
50
77
58
40
88
176
142
137
66
143
54
112
44
111
130
41
157
87
20
74
141
147
193
1
126
133
78
61
166
159
174
194
171
67
115
17
207
57
98
186
77
193
135
79
143
190
78
189
185
109
222
156
75
110
47
203
128
130
156
123
35
192
40
240
16
98
196
80
109
192
106
44
175
82
79
119
157
178
218
123
138
53
13
96
21
177
99
150
160
156
158
9
173
76
171
132
97
192
135
75
84
48
87
75
190
85
56
176
131
229
80
158
99
132
192
202
66
87
68
160
191
204
53
49
98
94
200
144
165
120
61
66
59
162
215
93
85
202
128
183
108
124
138
247
186
127
150
112
230
56
50
84
101
144
174
179
154
226
181
203
167
125
115
40
169
84
191
129
219
186
110
204
79
13
141
160
46
173
101
206
99
19
76
107
119
75
197
231
239
217
79
145
130
0
222
54
92
153
214
110
183
160
80
207
119
159
167
174
133
58
47
146
144
140
237
54
206
115
220
197
9
208
211
221
2
190
207
88
137
58
117
95
69
50
237
94
145
64
70
117
18
112
217
111
130
62
145
161
111
87
100
108
132
93
156
94
135
101
178
127
118
120
176
77
122
101
129
141
79
150
109
134
149
129
86
109
77
146
136
134
157
97
199
109
99
161
172
164
147
183
120
100
114
169
155
122
130
120
95
135
190
138
137
191
110
79
156
105
111
98
88
103
120
187
214
175
147
152
75
166
133
0
186
121
119
163
98
104
168
105
145
130
93
166
60
118
189
180
112
122
93
132
167
103
113
80
110
165
92
122
106
172
110
183
157
99
140
116
130
95
93
85
172
123
90
53
155
85
167
135
36
103
163
187
77
107
96
184
195
153
130
93
173
103
76
255
140
197
207
121
211
96
97
87
111
114
153
95
47
176
167
150
163
115
156
166
197
180
178
24
185
115
78
214
117
152
124
65
115
182
149
139
140
72
118
97
117
187
191
156
51
155
155
118
96
83
100
113
134
88
98
87
173
168
159
132
85
121
76
190
119
157
149
136
177
95
213
167
151
93
30
139
89
55
71
161
205
147
162
227
50
180
211
36
88
137
182
148
139
132
108
66
89
166
170
90
44
101
78
188
96
87
128
118
195
219
128
38
53
117
60
159
119
110
71
171
91
106
98
144
154
160
101
39
108
112
87
131
255
169
140
150
68
134
87
129
187
56
71
52
155
94
154
154
42
136
75
64
151
142
141
124
110
126
135
100
201
86
156
40
66
59
172
104
128
28
107
24
70
52
160
203
50
77
143
62
193
209
173
211
118
72
67
45
121
97
144
183
65
183
170
105
92
96
49
132
172
113
192
180
184
76
171
196
126
76
76
205
108
135
72
60
127
164
167
186
105
86
80
159
147
148
67
154
99
45
135
71
19
84
92
105
44
130
97
59
102
188
119
62
73
93
37
159
42
99
204
230
207
97
88
96
198
104
46
140
75
120
24
100
65
143
145
166
107
59
181
218
230
123
143
186
225
36
33
163
29
212
207
81
54
66
103
63
107
162
190
7
182
52
78
140
186
220
94
132
211
89
190
202
213
0
193
179
162
224
70
175
69
37
99
201
73
114
116
17
51
55
28
162
103
219
127
72
176
23
26
144
35
36
55
145
192
144
68
146
108
119
154
64
100
129
175
78
180
123
173
96
184
74
95
47
99
179
71
156
245
72
154
146
144
114
118
114
124
167
69
64
178
92
196
124
170
230
195
146
220
222
58
88
228
58
135
174
85
160
81
204
173
93
67
26
87
158
181
106
190
119
68
100
164
119
230
34
86
148
246
205
136
60
93
94
135
51
103
140
157
97
113
135
35
113
132
112
255
117
210
106
113
138
194
88
209
159
76
195
175
191
51
215
103
95
121
198
104
181
65
25
87
157
71
81
204
214
194
112
109
197
40
78
141
186
209
170
63
176
128
199
140
207
126
182
89
0
202
129
119
224
20
137
187
172
62
156
189
119
59
129
72
158
74
195
159
170
101
172
133
48
44
187
49
187
159
211
72
58
95
97
162
119
136
191
56
150
175
188
196
66
143
98
201
123
72
227
120
101
85
105
54
91
207
97
220
152
62
81
134
57
149
80
165
99
120
183
124
61
215
170
161
44
118
132
55
142
138
43
51
216
168
23
95
115
127
194
158
199
76
114
172
67
227
219
205
105
148
156
179
131
74
147
138
101
181
82
91
143
66
172
146
69
168
182
74
189
85
232
172
71
101
160
138
80
91
128
225
79
59
141
136
80
214
154
90
121
84
120
106
48
119
167
179
121
91
231
95
163
75
40
114
112
103
111
129
79
186
130
105
37
180
133
189
104
197
152
154
107
0
53
136
203
96
99
52
106
112
46
96
184
193
178
38
94
131
88
110
98
174
128
188
70
110
152
93
124
90
49
108
134
171
73
123
148
213
120
69
140
173
83
136
116
152
174
120
83
87
43
109
58
129
116
74
147
162
177
182
167
170
187
110
130
84
86
106
134
111
107
167
125
65
155
110
107
140
160
175
216
162
74
154
125
157
136
255
158
119
98
148
77
139
183
47
166
149
80
177
92
77
134
82
188
144
152
151
157
99
113
125
88
134
100
160
118
132
107
193
86
117
75
110
121
195
164
148
147
162
142
147
148
147
151
151
203
163
81
106
76
61
148
173
203
64
112
150
139
132
92
74
164
112
97
162
114
88
187
229
126
161
82
189
79
87
140
141
217
186
132
38
170
176
79
218
121
192
68
208
163
208
69
24
216
151
156
43
173
134
129
81
73
139
72
208
47
119
14
208
59
122
188
198
114
136
172
13
27
128
28
21
97
177
179
138
153
117
31
26
144
197
154
77
197
64
236
153
218
126
156
94
67
79
80
168
184
95
86
113
59
149
205
38
120
74
130
154
69
155
192
97
160
134
196
180
176
52
139
53
147
40
29
55
156
227
173
78
202
57
108
92
154
255
126
68
155
62
134
14
91
71
156
94
216
100
205
84
185
101
119
125
118
62
63
163
132
175
155
70
183
160
78
153
67
168
157
175
102
98
79
229
179
71
168
148
177
71
71
162
56
60
157
146
177
64
82
220
148
180
166
72
85
59
61
161
177
161
131
169
148
132
146
85
99
178
102
85
159
126
119
107
180
181
136
106
67
149
179
124
77
132
64
128
160
175
120
94
123
96
176
78
101
181
148
142
141
73
148
174
180
117
57
165
129
136
156
102
173
176
187
73
96
161
121
138
116
156
89
153
71
140
75
165
78
129
106
255
170
151
90
141
132
144
77
135
87
151
66
33
116
169
47
174
89
196
201
206
116
122
168
117
81
168
131
108
148
97
90
100
187
52
143
190
139
130
144
255
152
110
57
193
132
154
171
167
184
144
179
95
76
69
117
186
127
170
93
69
139
73
144
101
173
77
88
188
169
163
117
143
157
172
194
182
196
50
145
178
125
83
166
67
184
158
116
74
87
93
191
47
89
136
162
74
63
174
124
169
205
178
109
188
153
104
100
73
123
81
163
71
128
65
111
131
144
119
128
145
160
68
127
163
37
111
38
108
71
92
152
119
156
215
147
174
199
55
214
124
131
139
94
136
150
0
140
118
249
182
25
149
141
19
150
84
85
164
53
181
70
116
63
184
129
151
87
16
188
217
123
147
36
61
128
142
215
122
163
146
14
81
169
201
187
63
194
156
145
134
57
140
182
112
188
41
176
109
144
54
111
108
177
75
193
99
37
156
226
134
164
181
55
48
46
99
132
115
124
71
69
199
67
16
201
66
147
63
142
125
119
134
169
111
45
136
77
203
56
223
83
71
149
145
128
74
157
215
158
145
209
203
116
74
106
0
204
197
126
237
98
201
202
77
102
115
139
34
217
87
72
130
116
93
28
254
158
52
40
105
68
213
31
117
159
119
111
186
103
183
57
121
86
238
14
34
218
167
202
81
23
187
232
56
128
175
208
87
189
180
151
106
43
173
71
110
85
93
77
117
123
69
223
114
78
192
58
38
32
83
152
141
135
41
21
57
188
104
106
150
98
84
117
148
166
149
180
150
87
116
121
63
180
170
64
219
45
189
200
89
184
200
188
149
114
80
90
73
83
44
195
206
24
128
148
167
84
222
245
156
122
213
196
39
134
189
85
60
255
104
162
139
127
106
44
149
149
41
223
50
202
78
218
177
71
97
27
184
164
53
118
71
190
118
180
49
90
70
145
99
116
47
214
74
142
191
37
109
228
152
42
95
224
153
131
200
86
144
203
216
49
45
87
226
22
97
70
87
143
59
83
202
91
54
177
72
25
191
146
134
71
155
95
179
51
115
168
77
97
105
65
13
110
134
176
7
93
196
215
73
104
121
135
86
106
67
142
156
162
109
84
91
151
174
136
124
166
60
203
108
174
122
131
169
136
130
144
0
217
88
90
51
121
71
130
192
51
63
104
71
144
181
101
114
183
213
73
150
88
176
78
197
158
179
87
133
82
181
199
131
149
107
47
104
198
60
88
84
73
91
70
112
99
108
102
119
189
44
155
159
104
99
105
164
101
134
130
104
167
108
144
202
58
95
43
128
180
164
200
113
120
196
131
150
88
81
132
143
75
180
178
96
192
52
113
208
142
122
192
161
133
162
172
193
79
224
164
116
170
161
111
126
76
197
140
155
71
151
164
149
176
146
163
217
146
191
165
155
144
205
199
51
131
105
60
21
127
157
65
78
198
181
143
93
108
200
171
165
194
117
190
142
165
106
71
76
171
177
102
116
26
181
118
156
150
71
82
90
86
54
150
98
74
164
179
112
64
97
126
117
107
143
142
82
204
88
121
107
168
103
38
255
161
81
96
74
71
193
185
68
79
194
90
113
103
159
252
146
120
84
119
41
50
139
102
135
112
144
122
128
56
149
157
196
80
158
205
121
149
179
192
149
123
96
90
109
93
141
188
136
84
197
58
73
181
92
78
150
205
185
51
210
205
81
126
127
191
76
142
120
191
154
112
130
86
68
117
199
123
141
168
93
130
187
152
195
127
122
134
167
44
158
69
174
85
73
142
83
131
83
98
55
209
85
111
73
122
181
199
98
142
178
150
170
156
131
187
62
165
185
122
1
139
71
145
189
166
157
136
62
102
63
118
66
118
204
176
98
193
62
179
172
213
97
190
96
112
72
98
178
101
138
175
123
136
135
110
183
104
111
136
77
104
206
216
178
214
151
146
196
88
81
147
133
220
56
68
187
52
188
191
187
147
197
37
47
199
177
216
151
123
175
36
197
32
222
87
79
44
171
94
192
103
53
236
62
196
169
112
88
61
113
120
150
99
119
179
118
159
152
235
137
60
109
234
48
119
146
70
80
62
103
116
157
176
54
99
114
9
89
54
242
204
93
220
86
32
120
162
147
92
63
193
215
157
47
255
113
85
100
212
40
32
217
53
157
31
238
123
149
54
148
7
235
76
27
171
14
103
8
36
102
65
85
44
185
216
69
171
221
137
154
97
118
10
9
34
73
119
151
116
139
55
184
198
104
203
61
52
122
106
25
177
97
97
197
183
30
199
169
105
238
197
139
54
139
153
40
52
78
239
46
85
105
192
215
224
97
152
135
154
161
81
124
78
134
147
61
202
58
218
39
82
65
106
42
21
203
181
118
156
94
220
84
27
42
59
156
109
72
218
59
46
135
129
64
172
196
26
0
116
185
95
83
42
104
64
14
170
37
134
190
82
59
83
38
75
42
106
243
219
28
137
194
211
96
178
180
51
147
46
67
153
172
184
50
197
61
78
181
225
209
163
77
118
39
35
200
173
169
210
47
203
51
53
148
117
18
151
167
220
39
71
178
34
42
45
123
152
205
54
189
176
50
81
197
198
68
199
77
250
172
177
173
126
164
146
180
57
37
164
204
26
28
97
133
201
105
32
67
212
56
120
154
151
171
65
20
110
49
19
218
125
43
12
166
13
116
181
210
66
23
175
38
197
0
173
252
236
71
28
182
224
155
121
145
150
78
79
143
175
186
140
64
70
207
64
179
63
22
185
194
141
207
20
125
146
227
9
154
67
47
169
145
129
105
179
130
221
113
106
202
144
56
196
76
74
181
46
0
51
117
119
136
200
58
79
99
87
208
101
235
219
56
160
182
61
230
200
181
175
126
67
103
119
194
140
100
50
88
161
96
165
146
179
172
125
110
195
226
134
120
95
203
51
185
210
150
152
167
225
111
165
71
139
214
110
48
61
198
102
243
134
53
183
208
124
32
174
178
168
204
162
105
187
177
158
120
199
54
46
52
62
161
98
56
204
167
83
193
125
43
122
255
60
147
115
89
137
178
120
136
39
53
138
54
35
170
63
244
18
204
47
64
163
30
106
182
69
165
220
183
123
174
157
164
60
120
189
217
151
45
99
134
156
28
34
75
173
128
178
60
151
136
146
62
115
158
112
160
158
122
249
123
102
167
125
15
29
206
218
79
60
57
114
58
188
208
58
46
188
27
26
79
59
219
235
183
48
111
40
138
143
53
83
139
158
110
73
143
151
240
215
78
105
80
50
115
96
132
118
62
166
59
98
24
99
227
212
32
178
161
14
32
130
202
224
2
200
122
12
34
203
33
227
25
155
127
198
1
3
14
127
170
82
211
75
204
14
94
182
144
166
104
6
168
227
107
47
66
14
42
154
235
30
72
36
142
162
217
50
92
136
35
68
103
200
115
149
18
228
130
55
52
238
10
94
211
68
127
46
170
135
177
67
38
142
215
2
149
129
53
106
9
16
58
60
200
64
59
27
221
114
48
175
25
107
176
73
103
22
119
112
65
153
118
146
121
44
106
120
177
139
118
60
129
98
154
195
186
193
151
162
147
46
196
30
21
64
157
83
130
139
177
210
92
123
169
141
144
40
109
74
199
9
80
125
179
179
90
154
109
111
121
181
194
109
187
118
93
140
101
130
189
168
56
218
178
85
124
187
195
141
42
125
190
196
129
61
69
192
100
115
66
52
136
104
172
181
73
130
46
167
108
85
0
190
112
50
33
55
138
94
75
76
81
49
65
51
87
129
108
113
136
48
131
84
87
66
188
156
104
167
24
113
57
108
128
204
70
124
54
141
157
105
33
93
59
133
133
140
72
116
242
43
198
41
175
121
178
61
201
186
45
212
137
217
104
147
164
125
104
94
98
131
131
36
82
48
176
113
0
44
102
12
187
29
63
57
206
112
202
157
26
128
70
120
65
10
144
205
122
184
65
82
86
158
74
57
105
122
175
164
54
19
133
89
56
130
121
66
159
184
162
29
104
61
76
152
13
32
152
42
88
113
71
121
25
108
141
21
96
198
54
154
209
60
175
149
41
103
98
208
181
151
79
153
223
52
198
95
39
218
98
70
127
184
247
71
125
139
195
98
162
109
224
111
42
114
127
121
167
189
204
183
142
104
35
52
31
180
160
56
218
31
176
133
156
93
33
157
169
177
150
179
67
137
86
174
113
46
202
193
60
31
84
71
255
229
36
118
115
221
67
99
86
158
114
188
72
110
7
140
47
148
105
93
145
80
75
87
185
87
56
137
22
161
149
166
57
146
202
178
153
94
215
159
157
50
102
102
31
35
82
199
169
188
87
84
15
168
101
59
55
184
165
217
188
172
90
190
56
142
210
81
203
138
176
255
55
159
137
176
93
144
85
120
53
212
220
229
71
191
94
58
205
121
69
205
169
168
75
120
151
100
170
72
43
193
226
213
204
105
152
176
153
209
63
205
78
38
160
136
60
42
168
113
196
203
50
192
204
180
161
176
100
197
124
72
165
136
128
103
175
154
166
52
124
49
105
68
197
150
184
76
170
67
206
81
180
52
210
57
191
34
217
99
69
193
60
82
123
103
184
169
100
59
164
90
150
152
169
25
152
171
232
187
206
157
137
54
2
237
61
134
89
189
155
168
118
226
128
250
195
130
238
194
89
154
107
64
75
142
200
97
197
67
141
217
223
193
92
133
139
129
224
84
170
114
60
91
168
113
131
241
219
105
26
174
109
148
95
152
130
112
189
161
123
220
177
24
141
146
153
156
166
98
109
40
45
57
27
59
103
169
178
207
123
177
84
110
129
133
193
62
101
33
151
196
187
192
195
90
78
83
75
108
214
101
127
26
94
79
93
185
0
189
123
26
187
110
142
172
136
98
92
81
156
169
173
66
172
167
89
128
161
169
177
112
95
159
74
105
163
151
178
175
84
150
107
178
99
158
175
175
255
134
72
106
117
108
178
153
158
67
107
75
113
180
82
142
102
113
108
125
83
181
67
75
101
102
141
124
149
130
100
89
138
96
140
142
205
124
172
83
97
157
110
80
183
126
105
124
93
129
179
94
180
42
84
180
69
150
113
85
143
136
71
185
185
106
153
160
110
127
8
59
69
88
146
102
161
132
131
67
149
113
71
112
137
50
120
149
168
51
210
210
192
55
201
181
203
181
81
199
53
152
172
36
54
210
44
196
115
190
122
244
212
175
179
61
174
207
156
39
11
189
133
84
167
138
68
148
30
157
112
121
222
63
174
110
197
65
166
55
141
63
39
232
88
45
119
219
190
111
118
155
87
156
58
21
154
69
159
195
133
134
29
107
157
217
70
134
173
151
174
174
77
69
174
172
136
89
45
128
137
102
140
90
219
100
224
108
219
149
227
165
64
246
63
255
145
195
175
46
234
204
168
157
91
100
62
135
99
96
1
27
181
63
173
164
172
149
76
21
84
131
150
69
78
53
70
170
236
160
127
132
128
32
18
75
151
13
148
213
47
95
6
96
188
90
171
18
186
74
117
29
120
102
213
41
110
106
122
27
93
101
158
48
55
134
52
54
154
71
175
128
96
94
127
212
116
133
69
21
19
83
116
152
99
194
122
146
211
39
55
77
129
200
23
83
177
101
115
67
60
122
158
87
116
66
65
93
187
95
149
198
37
158
41
120
198
95
151
49
184
55
171
163
56
118
140
73
139
73
173
162
34
178
136
50
72
212
70
106
153
199
208
188
164
185
129
57
98
177
103
98
157
198
126
170
111
81
42
185
106
114
77
165
151
51
208
53
62
145
0
117
125
102
161
68
121
148
126
54
49
30
170
149
173
71
39
123
80
129
95
185
142
67
32
88
145
92
76
140
117
54
136
170
171
177
158
37
189
71
193
91
176
170
105
63
202
198
39
44
79
126
100
164
65
93
174
147
51
182
199
41
172
70
156
88
53
110
148
178
113
188
139
146
101
234
187
132
87
121
7
165
183
148
166
200
143
22
154
182
127
86
118
97
150
2
170
185
3
219
31
143
71
73
17
81
234
146
77
126
195
54
159
213
46
162
165
72
199
91
44
255
65
103
147
188
192
55
114
144
200
109
68
33
93
104
60
158
49
182
144
189
66
188
97
145
50
70
68
99
194
156
111
97
213
114
102
241
162
146
84
103
178
178
128
205
8
157
176
125
242
58
139
23
198
95
150
149
153
59
106
129
80
144
91
154
143
139
201
69
83
195
114
124
91
191
98
101
175
135
149
55
206
105
54
117
122
151
91
151
94
94
64
40
139
78
146
203
16
255
31
150
81
74
147
115
221
202
187
203
164
188
203
203
107
159
202
204
191
149
141
201
198
47
247
175
146
76
57
214
164
177
61
166
86
91
229
132
190
65
123
214
57
84
159
109
163
195
202
139
223
135
116
70
144
106
221
204
84
80
85
135
133
166
129
178
163
84
106
40
27
29
84
53
50
19
43
101
94
99
68
145
126
213
88
77
109
94
212
211
112
32
154
185
141
227
156
139
113
80
94
213
148
122
224
200
32
200
169
154
124
112
111
107
206
255
158
194
30
49
236
145
149
97
151
192
131
132
55
139
147
187
117
138
203
156
161
96
65
154
205
180
190
186
173
64
166
156
62
212
191
50
80
66
160
20
44
143
144
77
178
125
134
107
24
180
81
70
35
114
158
154
55
229
58
106
123
178
132
126
104
142
194
98
112
78
185
177
164
101
126
60
122
50
137
164
56
202
164
72
244
236
165
173
189
138
85
173
65
133
54
149
230
58
116
34
110
251
161
48
230
131
57
206
45
168
96
103
209
221
59
82
199
200
146
58
102
134
127
165
65
120
124
174
88
76
152
120
190
154
0
79
201
109
59
147
181
155
151
152
144
138
89
186
221
64
46
169
135
79
214
25
73
203
92
39
125
213
149
70
217
137
188
60
66
33
67
123
160
177
109
207
86
172
61
164
60
166
107
55
80
89
173
161
191
133
89
147
79
121
201
79
106
24
113
86
91
178
148
159
67
171
100
116
136
240
214
183
220
203
146
70
126
137
184
207
184
48
102
101
178
224
104
75
155
91
60
50
208
174
132
48
137
156
135
160
156
168
109
177
170
40
242
28
214
163
76
143
40
200
241
210
223
184
248
94
183
160
206
157
129
187
127
176
199
61
196
223
141
96
172
66
178
129
155
104
83
31
151
164
45
146
202
146
223
28
110
167
227
118
195
104
214
87
28
135
228
67
157
114
141
102
137
34
39
158
140
90
202
185
200
198
73
156
181
167
121
164
108
163
86
130
195
209
70
12
255
93
214
47
96
99
193
135
124
140
194
150
55
165
166
81
170
185
127
118
119
231
31
40
142
105
69
182
153
250
201
29
68
129
82
63
153
224
209
121
121
255
49
43
155
87
183
141
152
61
129
45
123
106
213
50
144
96
174
80
62
193
153
196
181
152
175
112
49
242
127
93
206
94
105
102
83
179
142
111
115
81
235
78
217
57
115
127
92
160
199
86
108
59
109
72
212
239
78
65
95
163
38
131
139
174
59
122
99
223
16
98
88
139
217
146
109
25
188
208
167
237
86
194
161
139
148
199
218
112
152
60
129
126
58
19
33
235
138
217
135
138
180
183
4
68
113
142
184
161
20
116
145
177
180
120
221
40
176
23
56
131
52
48
84
39
73
218
44
227
235
95
110
50
122
161
163
47
49
186
160
65
75
41
214
44
213
177
162
124
234
47
80
111
86
211
97
173
104
140
180
201
26
42
56
22
104
138
53
164
210
216
113
61
127
185
140
114
178
217
209
80
21
164
24
216
70
216
97
154
115
145
60
223
131
114
25
90
71
157
210
37
70
106
1
81
38
144
131
100
133
171
123
150
171
46
83
117
84
73
187
82
190
165
111
135
104
152
105
112
136
165
185
167
107
119
170
146
140
153
149
172
190
119
121
89
191
155
0
170
84
76
158
170
163
93
197
71
197
196
117
61
165
120
92
161
193
181
190
101
87
82
152
75
131
138
55
203
60
176
10
160
65
151
140
181
133
101
164
191
99
137
73
193
135
115
89
173
206
64
144
67
169
112
70
78
134
169
146
121
161
105
159
138
160
151
194
71
115
100
42
122
96
90
180
116
176
104
51
166
167
178
206
129
28
97
166
66
15
51
87
80
63
187
53
185
33
159
119
13
103
240
147
236
44
149
105
122
108
212
57
73
41
108
6
190
104
147
241
103
94
9
211
166
170
121
31
112
213
209
0
118
77
87
72
79
2
160
249
153
112
132
193
153
114
133
76
44
7
107
202
18
176
128
50
226
101
107
35
246
171
127
192
54
41
156
99
138
14
106
45
132
40
108
86
237
220
30
164
21
26
241
71
38
125
2
159
148
143
78
77
93
73
138
168
133
70
174
175
84
110
190
68
43
78
96
105
181
90
185
198
78
116
147
70
216
82
82
78
189
98
90
196
189
64
119
181
144
167
147
107
215
76
188
46
194
188
57
31
193
46
62
69
171
77
136
139
125
185
120
83
186
117
75
142
191
218
52
149
255
98
199
128
147
74
114
101
90
149
113
71
136
216
209
214
70
201
58
160
189
45
131
173
207
146
153
155
159
158
178
188
131
68
144
203
185
125
122
58
98
183
71
65
195
113
148
26
158
88
148
137
142
170
162
166
91
108
113
160
31
225
94
180
24
144
155
136
54
28
128
41
89
118
49
71
54
125
224
157
159
19
216
186
5
135
23
156
187
113
31
1
143
40
60
168
165
113
55
105
54
157
75
24
111
31
138
56
136
128
45
61
74
109
10
232
80
114
210
111
97
223
82
94
219
40
137
159
111
202
167
239
148
94
65
22
144
205
36
94
189
212
7
141
16
133
35
228
99
27
200
244
36
58
136
203
226
68
149
204
176
135
185
162
117
209
214
101
65
174
16
24
51
133
194
107
127
108
228
183
66
143
145
133
101
102
161
106
150
128
87
160
122
34
103
111
157
191
108
215
95
244
195
218
95
203
191
223
104
117
170
58
202
152
60
0
178
98
186
23
178
75
197
194
197
87
32
223
121
141
197
84
36
110
33
185
46
83
83
199
221
153
156
208
219
142
219
35
116
25
155
168
221
176
34
63
129
229
148
114
206
169
110
98
83
51
203
111
201
56
153
220
163
43
135
165
200
171
131
104
199
193
217
47
162
104
160
37
180
47
182
186
48
117
200
192
216
218
153
248
197
120
171
133
94
100
194
155
124
152
226
180
132
215
211
151
205
128
111
215
111
164
195
186
90
80
163
159
61
91
83
162
187
127
92
69
20
76
118
52
205
174
40
171
34
111
235
175
83
113
120
57
63
109
62
106
165
10
167
184
115
168
182
208
145
47
129
97
123
157
218
0
191
214
69
99
173
115
22
36
59
144
182
109
202
90
197
91
124
105
39
71
135
111
219
135
97
214
189
97
36
219
150
124
99
105
62
167
221
109
148
144
198
177
178
132
82
254
105
66
68
110
154
151
243
120
75
69
228
67
75
72
232
58
149
130
91
2
78
80
214
216
100
85
58
194
67
47
91
135
78
185
85
71
221
19
154
85
116
193
69
91
197
70
255
209
215
213
204
211
201
115
42
196
235
217
154
76
22
24
205
214
216
87
47
110
73
45
93
100
42
144
203
210
119
125
200
154
177
210
164
184
25
189
197
158
181
113
133
117
218
109
54
164
132
186
177
20
106
138
151
158
41
65
230
236
21
56
153
174
24
215
124
73
163
20
172
44
120
178
217
67
168
116
230
224
128
83
185
160
218
150
107
119
67
198
58
114
113
41
12
204
37
96
212
96
189
175
154
118
105
191
201
186
128
172
74
92
111
163
216
36
134
75
163
51
66
92
95
76
194
68
91
130
67
169
105
218
201
84
70
122
121
212
99
60
158
58
228
123
97
32
86
121
63
148
63
85
87
219
52
128
149
109
111
181
90
194
143
200
252
92
75
58
167
190
85
68
155
109
50
83
49
130
73
111
128
176
205
137
87
80
225
160
255
97
66
176
125
113
127
81
60
88
44
91
168
230
105
89
44
45
169
83
35
206
125
150
195
29
153
213
60
90
51
94
52
154
136
162
172
144
174
79
105
221
119
89
195
120
91
224
74
64
93
93
99
159
93
123
210
107
45
70
74
207
98
158
144
148
33
168
92
215
131
104
178
163
192
0
50
169
205
33
75
195
138
61
155
174
179
110
231
64
103
139
169
166
56
126
248
136
63
110
100
190
59
192
179
92
131
52
31
176
250
237
114
84
111
80
150
133
156
94
174
232
65
197
126
138
173
63
232
66
65
57
231
165
47
64
183
79
117
151
232
224
47
144
70
226
175
150
80
207
31
226
102
215
28
195
149
45
37
65
128
121
161
154
176
187
190
204
105
146
126
123
162
66
174
108
85
182
150
164
208
218
118
151
74
128
236
96
221
81
78
181
187
147
52
193
22
184
109
77
187
169
188
165
135
54
120
50
66
34
171
57
96
108
28
221
134
170
255
222
197
33
138
107
56
38
160
147
105
206
39
58
193
129
208
229
74
176
175
126
17
53
131
92
105
36
59
156
87
86
78
204
41
168
164
33
166
165
84
159
45
96
98
168
186
73
236
208
93
226
112
143
222
144
128
174
175
116
157
52
81
164
32
136
165
103
86
154
66
173
217
135
210
163
143
126
47
136
194
210
165
118
96
100
162
44
107
124
214
196
128
159
104
124
106
184
118
110
136
163
118
190
73
97
198
230
80
183
102
34
220
63
69
64
145
255
86
122
211
145
143
243
66
172
168
198
96
142
207
109
161
207
222
120
48
201
111
119
157
103
41
234
103
157
63
66
78
73
150
65
98
38
218
143
58
62
171
143
41
125
63
230
165
255
184
99
127
152
100
200
29
182
31
228
149
206
177
213
97
190
111
225
161
64
104
233
184
219
46
94
52
59
198
99
178
113
82
197
209
85
137
148
62
132
203
199
87
162
137
217
86
226
180
105
229
83
242
63
76
221
64
206
163
163
129
218
119
104
87
190
141
122
62
190
215
179
48
166
76
60
209
93
53
227
100
127
44
29
45
218
47
190
106
102
82
155
31
188
152
108
60
89
174
41
169
147
