63
59
89
12
53
52
-56
-7
51
2
-16
-15
16
-14
119
105
131
15
160
-23
101
141
56
114
17
-20
52
71
39
27
40
-14
90
69
60
-27
28
160
-10
-34
-37
-51
119
-47
26
39
37
22
97
52
34
6
26
33
-21
-25
-62
-44
83
117
-31
54
87
34
38
73
-16
82
-4
82
66
6
143
14
62
30
0
152
4
27
47
0
49
-28
23
41
-62
-26
61
5
-73
55
76
25
51
76
-58
-21
-59
-7
17
81
78
14
-43
38
27
32
146
-13
30
79
60
5
-15
26
-38
25
-58
-46
47
47
139
-5
40
74
42
-23
-31
31
27
72
146
103
54
57
-16
90
28
65
67
-53
22
181
134
78
40
129
-22
83
34
19
72
-28
-37
32
-19
-49
20
53
29
152
-7
-65
91
0
3
-62
-26
68
67
-39
14
-28
22
48
-5
54
34
82
-3
87
69
55
26
35
115
-52
-33
45
9
14
-8
50
9
93
24
8
106
39
-42
-17
124
128
37
55
175
48
-28
106
84
65
164
-31
41
76
-21
50
-4
45
19
72
24
36
-22
17
139
-5
161
48
-18
67
97
110
52
6
37
59
69
68
-6
54
97
-37
93
54
-33
66
-23
5
35
26
-26
48
53
18
-17
170
-26
19
-14
-12
122
62
33
34
-25
-56
56
47
44
-18
112
13
62
21
122
9
-23
2
128
69
96
-7
30
37
59
93
59
173
-5
-44
110
43
-49
-7
-47
135
20
-10
17
40
87
62
86
7
43
95
34
-20
52
29
46
52
-16
129
-22
72
25
7
48
85
-50
15
64
128
58
100
-45
7
5
42
88
-44
-27
92
-63
-4
-74
-53
59
75
105
59
47
83
167
25
51
64
-28
-50
46
100
-29
41
22
47
-8
70
-15
40
42
-35
-18
-70
127
52
-4
-6
51
37
68
19
34
-18
7
-6
41
25
-53
62
71
-14
66
17
149
55
-30
10
10
-30
1
-3
-36
72
-63
10
13
45
-40
91
-39
-14
65
20
-38
-1
-1
63
47
159
20
42
33
44
156
85
90
-28
35
40
31
30
76
18
50
48
-54
121
37
108
68
-56
160
-9
-34
-8
162
23
-27
7
7
-25
-19
71
22
103
127
-1
71
59
23
168
37
43
88
45
44
-46
-2
-5
46
14
5
144
-2
50
63
54
-13
129
-4
100
44
176
-58
-3
37
126
8
-37
92
-50
61
59
180
67
-8
107
12
29
87
-34
76
23
-5
-29
1
6
8
110
78
-5
56
102
13
72
6
-8
-39
-27
102
-26
30
80
-68
87
-34
-5
18
4
66
39
65
65
16
15
-27
19
46
-17
-10
97
0
3
-69
6
127
102
49
74
-26
18
30
8
33
47
17
86
79
30
108
26
9
103
82
102
7
16
-11
47
35
25
-13
157
-22
115
56
-39
83
-66
44
20
124
99
-41
55
37
133
86
0
88
-52
71
49
45
-54
44
42
175
56
-10
30
67
77
-35
-3
57
61
0
145
163
78
70
57
164
67
31
14
12
-4
72
-73
47
1
167
-29
-6
55
1
-34
44
15
-21
16
163
44
24
-23
-30
-5
59
-25
86
78
19
34
26
34
-32
27
96
40
100
8
8
145
148
-10
174
-17
27
9
-23
-57
-20
10
-70
5
37
-8
106
-25
124
107
32
19
39
-11
70
48
85
8
9
127
-55
30
8
60
-60
97
32
-47
66
-55
-29
-9
27
-58
20
-5
32
-43
20
25
-16
8
61
62
10
44
32
80
58
125
-62
55
38
93
1
-37
103
-63
22
34
-63
-51
18
26
1
16
-1
0
22
97
25
55
31
-10
-5
159
104
16
-15
29
159
2
36
22
55
-49
42
18
4
-16
113
-41
24
8
125
-9
80
80
-37
55
-69
69
-37
74
33
45
21
68
103
-12
153
-6
-54
1
21
74
37
27
-4
87
-5
30
93
54
-26
34
-4
94
-24
-8
-16
-28
93
6
16
-12
-10
92
66
22
-29
27
49
23
15
-21
136
104
133
1
-3
15
34
51
81
120
106
44
21
69
-10
65
23
20
56
-12
127
-23
76
-17
11
-26
-46
117
109
14
59
7
38
77
6
-72
-53
-44
-34
31
27
37
-29
11
149
-3
2
-11
-15
11
62
139
75
-9
12
18
-43
155
77
89
79
-13
30
48
29
75
-6
91
2
47
-9
101
-28
-18
-21
64
78
-17
0
64
13
35
44
173
55
118
75
-6
16
89
70
92
52
24
-32
-5
64
103
4
28
106
66
53
31
25
-40
35
54
-69
16
20
30
-60
6
152
86
72
0
26
63
123
72
31
128
24
34
-41
18
84
78
-22
-31
31
107
20
127
-52
-14
-64
92
76
63
84
65
166
128
5
-40
-6
-48
38
-4
61
-44
-62
4
181
23
-25
58
18
42
101
6
66
-10
-46
55
109
12
45
-55
21
111
-20
132
59
55
-8
-54
84
-27
-16
12
46
7
44
39
-46
94
33
-22
32
22
-48
1
7
53
167
-32
8
28
35
-29
-40
-25
75
10
1
48
117
-14
-5
13
112
-16
177
13
106
46
27
-32
36
104
-18
26
3
21
-47
-3
88
-25
54
25
24
14
15
24
23
25
-24
-27
29
-43
-35
97
-3
-55
48
12
64
-29
49
62
10
46
24
-46
69
19
118
36
38
6
-8
8
54
64
27
-62
64
-29
35
135
9
68
-61
50
8
50
44
181
-1
178
-18
-11
-67
-6
5
60
61
4
51
40
24
84
162
56
-14
6
6
24
51
-18
38
118
30
30
43
55
105
94
20
-9
21
-29
74
-17
61
-42
3
2
72
75
21
-8
70
17
-33
-22
51
62
59
13
-65
85
91
-5
-70
35
34
77
40
84
-8
10
51
53
4
-13
14
-38
49
22
-25
62
-54
48
63
-12
-30
114
16
41
33
55
44
-73
57
40
37
-9
64
31
-45
-5
-4
136
-12
106
61
43
30
12
-14
71
-17
-66
29
12
72
27
46
3
172
40
-31
103
26
39
31
16
32
28
20
86
50
72
35
109
75
75
71
19
5
49
-24
108
25
9
6
47
-18
147
168
18
78
74
-43
69
-42
14
-26
42
-21
37
32
-20
5
45
-14
15
-68
102
-51
102
51
-3
-8
8
28
-35
66
63
53
30
16
32
43
38
73
-7
31
94
11
85
161
26
21
-45
82
65
-44
121
-67
-31
57
-26
72
25
111
-20
-71
123
174
-11
110
6
-32
-1
115
56
42
51
30
36
-37
52
3
-14
84
-36
-46
-40
-55
-14
26
20
42
-7
96
44
-15
-4
-53
33
-67
17
23
4
34
-65
-10
26
-48
10
125
6
-30
76
-23
3
54
112
43
38
73
17
8
50
-11
-40
92
85
11
69
-31
104
-32
93
76
-22
-14
-74
179
51
25
27
-54
-35
96
0
139
116
-49
52
-60
24
45
-9
122
45
15
6
-28
-31
34
87
26
96
14
-42
30
14
-5
89
-15
-4
42
99
47
45
99
17
-40
-8
2
-5
99
27
50
28
46
36
134
-69
25
21
8
150
33
-52
135
58
13
-30
2
-17
-14
103
87
71
5
26
158
60
32
33
3
106
84
106
2
46
172
9
111
-63
32
80
26
-4
51
11
-46
-49
-52
9
33
-66
60
50
-34
-3
59
-33
23
35
-26
-61
69
28
-5
102
32
69
71
61
46
-13
110
8
70
125
170
74
-1
-16
0
114
73
-64
81
120
-14
41
181
9
-38
59
69
127
36
73
-11
55
13
80
49
-5
145
72
-1
-15
-8
84
-63
-35
22
17
10
39
18
24
153
58
1
17
18
-13
-58
30
-29
4
125
54
64
64
80
55
68
-1
98
-22
127
50
-22
31
30
-2
44
21
-24
31
-33
-15
106
34
9
-15
118
66
36
-3
114
74
47
56
-17
23
145
70
30
-10
-32
72
42
61
59
-32
126
-73
65
25
18
-8
-24
-5
73
-69
163
52
72
65
-14
55
-11
-63
-6
-1
16
13
42
67
70
24
82
43
6
48
52
17
130
106
16
41
4
32
40
62
98
-13
27
73
9
30
11
-70
4
-39
14
40
-4
85
11
9
82
-30
-51
25
-6
53
-8
100
-68
12
54
115
31
-38
99
54
48
54
-12
61
98
48
73
56
13
22
23
92
148
-11
61
70
77
10
9
-30
49
-39
1
10
28
82
20
59
46
-24
69
27
57
44
48
75
94
71
17
-4
127
10
-24
31
-42
31
-25
41
83
129
-24
12
176
114
58
98
-17
45
-7
46
30
27
-24
19
59
56
37
-25
62
89
-60
4
-36
5
120
52
-32
75
80
41
54
18
31
32
18
1
9
55
125
14
11
42
-13
27
102
-33
54
21
174
8
14
17
-57
43
5
35
10
-6
24
-17
60
7
-1
30
176
37
-24
7
51
49
41
27
35
-22
36
98
48
88
122
84
68
11
27
85
35
69
4
163
46
35
11
-6
29
44
60
55
-39
24
33
-2
74
47
-13
48
-30
33
64
56
123
71
0
151
8
20
-34
0
-39
24
103
20
33
23
-13
-3
2
47
22
103
110
11
98
-1
26
103
-28
27
47
34
103
91
46
10
37
84
98
90
16
37
29
37
86
70
97
37
70
26
-9
-38
60
34
52
46
-45
-64
23
-6
142
26
100
9
36
83
22
60
35
3
88
-74
-15
82
-63
-37
-68
-55
92
111
-9
83
116
28
64
100
29
16
114
17
53
64
52
7
10
57
43
54
24
4
11
-24
14
73
-10
66
-3
21
0
68
7
24
-41
-22
30
93
-49
35
43
25
-20
29
83
54
13
32
24
175
11
48
-51
63
99
97
34
-11
173
94
38
46
81
80
63
-46
74
26
179
82
0
13
132
44
102
17
13
32
-10
31
54
-9
-25
-50
57
-26
25
118
-19
56
38
12
76
96
81
-21
73
-5
-15
77
49
-27
83
56
16
97
-1
-2
-24
-20
4
31
103
53
175
56
89
161
-68
33
18
29
