[0.00078795 0.00011318 0.00011789 0.00012014 0.00011321 0.00011317
 0.00011319 0.00072931 0.0001132  0.00012227 0.00011318 0.00088809
 0.00012051 0.00011745 0.00074332 0.00089382 0.00011967 0.0001222
 0.00011316 0.00013104 0.00080173 0.00078648 0.00012677 0.00011788
 0.00064377 0.00072097 0.0007711  0.00065094 0.00011935 0.00011787
 0.00083674 0.00069394 0.00078861 0.0001203  0.0001265  0.00012387
 0.00011788 0.00011786 0.00057203 0.00011784 0.00012344 0.00011946
 0.00071966 0.0009776  0.00083838 0.00012496 0.00011767 0.00011318
 0.00012101 0.00012128 0.00012064 0.00011939 0.00011317 0.00011835
 0.00081592 0.00011956 0.00012474 0.0001355  0.00059191 0.0001132
 0.00011716 0.00012713 0.00012735 0.00071695 0.00011906 0.00060184
 0.00011841 0.0007846  0.00012105 0.0001132  0.0007198  0.00079749
 0.00086366 0.00011314 0.00011319 0.00011321 0.00011924 0.00012301
 0.00011786 0.00011788 0.00063318 0.00012673 0.00011749 0.00087418]