17
253
249
200
181
142
20
177
103
37
152
159
19
162
132
243
152
79
251
165
56
7
93
12
102
2
139
228
147
35
245
189
192
234
107
191
247
43
47
211
247
53
201
232
241
165
206
73
5
253
156
141
61
203
123
145
96
241
135
211
98
253
164
160
110
192
35
202
183
143
152
133
89
195
10
88
223
77
77
225
53
245
84
161
185
253
81
28
198
34
216
94
225
157
95
191
112
8
50
19
152
188
202
130
0
6
72
253
149
106
162
104
211
211
79
199
196
89
152
131
110
174
163
205
142
187
87
121
117
39
253
37
77
123
183
196
84
158
47
198
59
17
160
155
136
95
187
130
145
218
