[0.00049009 0.00060247 0.00048981 0.00063193 0.0005349  0.00060167
 0.00051728 0.00049013 0.00056976 0.000605   0.00055811 0.00060888
 0.00061515 0.00059171 0.0004896  0.00049098 0.00048925 0.00050952
 0.0005912  0.00048886 0.00064152 0.00056149 0.00048943 0.00053403
 0.00059138 0.00067965 0.00052555 0.00062495 0.00056767 0.00054245
 0.00061956 0.00049015 0.00048553 0.00048727 0.00057195 0.00055308
 0.00075849 0.00048916 0.00048644 0.00060121 0.00055881 0.00061171
 0.00048821 0.00053828 0.00051343 0.00061305 0.00048983 0.00053139
 0.0004872  0.00054261 0.00059919 0.00061211 0.00048963 0.00058221
 0.00060161 0.00048608 0.00062065 0.00079068 0.00049019 0.00063688
 0.00057912 0.0004866  0.0005204  0.00057048 0.00058921 0.0005575
 0.00059352 0.00048845 0.00060976 0.00048304 0.00054561 0.00048696
 0.00069819 0.00048851 0.00059437 0.00048882 0.00055634 0.00059538
 0.00056577 0.00063736 0.00055491 0.00055623 0.00057728 0.00051216
 0.00048938 0.00056692 0.00065696 0.00062362 0.00061563 0.00054561
 0.0006265  0.0006099  0.00052833 0.00056781 0.00048632 0.0005225
 0.00053609 0.00060567 0.00052478 0.00060857 0.00060512 0.00049018
 0.00053531 0.00048846 0.00050134 0.00049514 0.00060744 0.00048925
 0.0006126  0.00061744 0.00048761 0.00048999 0.00058884 0.00059279
 0.00048733 0.00059008 0.00059329 0.00060661 0.00056838 0.00057788]