65
66
65
66
65
66
66
66
58
54
57
54
44
33
42
46
47
50
39
45
38
39
33
32
30
30
37
31
34
32
43
43
45
47
50
43
50
42
53
54
46
48
50
47
52
53
58
57
59
63
63
64
64
64
64
63
65
65
64
66
66
66
64
57
45
49
45
44
38
25
25
30
38
38
41
37
32
32
40
33
34
36
42
39
37
40
47
38
40
50
42
40
37
44
52
46
50
43
38
41
42
40
45
47
52
55
60
63
64
62
63
63
64
66
65
66
65
64
62
55
38
36
32
28
24
19
25
31
27
23
22
19
15
17
13
23
24
18
28
36
38
45
43
42
26
24
25
35
45
58
54
43
40
35
33
31
32
36
43
34
36
51
61
58
61
63
62
62
65
66
65
65
64
56
57
50
33
28
26
28
23
25
30
29
25
35
21
21
14
16
16
21
31
31
28
34
37
35
25
25
26
32
21
27
29
40
36
32
33
34
31
34
32
31
38
38
38
33
36
54
60
61
64
61
65
64
64
56
60
49
47
45
42
37
32
30
28
25
22
21
12
30
34
40
48
46
42
33
37
33
24
21
31
28
23
25
23
20
19
26
36
45
46
40
40
38
38
40
35
36
32
37
35
33
30
31
43
58
62
61
65
66
64
57
37
41
51
51
48
35
32
23
24
24
21
20
31
26
22
29
34
41
51
42
43
40
36
27
31
40
31
27
33
32
35
28
26
28
34
35
30
33
34
37
37
40
37
38
32
37
28
34
25
32
45
56
65
66
51
32
28
39
43
45
39
39
31
29
22
20
17
20
22
26
35
31
25
27
29
40
38
34
47
43
45
37
40
35
41
41
36
40
30
29
30
32
31
34
36
41
41
50
44
42
33
33
27
33
36
31
25
26
65
45
32
33
33
34
40
40
40
30
27
22
18
19
18
23
31
23
18
14
19
22
30
37
32
26
25
32
26
28
38
45
37
26
25
20
26
32
41
34
22
35
31
31
37
40
36
28
31
30
25
37
38
36
32
28
53
30
27
30
33
34
44
40
36
34
31
25
26
26
25
27
30
28
25
21
23
21
30
22
29
34
31
37
31
32
38
37
28
24
20
19
25
27
31
43
45
41
33
34
27
30
30
32
31
27
28
24
40
34
34
34
33
25
23
28
30
40
43
32
36
34
29
33
38
42
28
35
45
46
38
41
40
40
41
46
52
47
47
48
48
41
43
46
41
44
34
31
27
26
21
22
20
23
26
31
30
30
29
32
36
40
32
32
31
24
34
34
38
23
22
22
25
26
36
37
32
35
40
47
45
50
45
52
59
71
75
59
58
58
66
83
86
73
72
69
73
63
58
64
56
53
50
47
35
41
29
30
29
32
24
26
23
24
26
28
30
27
30
23
23
31
30
29
64
21
23
22
23
27
25
27
30
40
53
64
69
66
67
80
92
87
93
68
68
82
90
92
90
92
91
81
90
86
80
66
68
67
54
52
51
51
46
39
33
30
31
34
25
21
28
32
33
36
30
31
28
23
19
22
63
51
23
22
22
21
30
33
44
70
75
77
79
86
91
101
102
102
84
97
96
98
99
103
104
104
104
102
101
98
97
87
78
79
80
73
71
51
36
56
53
40
30
26
30
28
32
28
32
33
33
31
26
22
23
21
65
64
34
21
15
16
26
48
76
83
84
90
95
100
103
104
106
105
104
104
103
103
106
105
105
106
107
107
106
105
105
104
102
101
97
94
86
81
58
56
70
47
24
25
19
27
35
36
33
27
24
27
28
19
13
14
63
69
37
15
16
14
63
74
86
94
98
100
100
99
104
105
106
106
105
105
104
105
106
107
106
106
108
107
107
106
106
105
104
104
101
101
90
87
85
70
62
54
33
35
36
23
22
36
31
23
27
24
27
19
20
18
62
63
46
17
12
45
76
87
96
97
101
100
102
102
105
106
107
107
105
107
105
107
106
106
108
107
107
108
106
106
106
105
104
104
101
100
97
90
93
85
76
61
42
43
47
34
36
44
25
32
24
19
17
18
17
17
62
61
67
20
7
75
86
93
95
100
102
101
105
105
106
108
106
109
108
107
108
107
108
108
108
106
108
106
107
106
107
106
105
105
102
101
96
96
94
88
83
68
44
40
43
38
32
43
34
17
28
24
19
18
21
17
61
60
63
21
24
84
89
95
99
102
104
102
104
106
107
108
106
107
106
106
106
105
106
109
108
108
108
107
106
106
106
106
106
105
102
101
97
94
93
90
85
79
48
28
33
29
23
32
35
20
27
23
22
22
22
20
59
56
61
27
41
81
92
95
100
102
102
102
103
105
104
105
105
106
103
104
104
104
107
108
108
108
109
108
107
105
105
106
105
105
102
100
95
95
94
92
86
80
63
27
21
26
17
22
29
25
26
18
31
22
24
32
55
54
53
45
54
80
90
94
99
102
101
101
100
104
102
102
103
104
102
104
101
99
97
95
97
96
96
97
100
99
100
102
105
103
103
99
97
93
93
89
83
81
76
46
13
20
16
19
24
27
19
18
19
31
34
34
54
53
51
50
58
70
74
75
72
77
81
83
87
90
93
93
96
102
100
93
82
74
67
69
59
62
54
51
56
66
71
80
83
87
89
86
90
89
90
88
87
81
76
74
56
25
20
17
18
16
24
15
23
26
28
25
52
51
51
49
47
43
50
53
51
47
45
45
48
51
63
80
85
98
94
88
75
72
69
66
68
69
71
67
64
69
72
75
80
85
82
76
73
74
81
82
83
79
75
77
75
60
36
22
14
15
23
16
16
26
18
23
52
50
51
48
52
50
54
49
39
41
44
38
41
40
50
54
77
100
105
104
95
89
78
73
69
55
54
53
43
39
46
53
45
46
63
73
79
78
74
77
78
80
79
79
73
70
46
30
19
17
15
18
18
16
17
32
51
49
48
46
61
51
52
39
19
56
56
34
61
38
60
42
72
107
109
106
99
92
79
79
71
61
65
100
64
53
44
32
56
36
54
62
72
76
77
80
83
84
84
83
74
73
52
27
24
28
18
19
17
16
14
40
49
50
48
43
72
66
53
40
57
71
84
57
72
73
76
64
86
108
106
104
99
94
85
100
98
84
75
81
88
85
76
86
79
68
79
78
70
77
85
90
96
90
88
83
75
69
62
30
24
28
46
49
34
64
11
44
47
48
48
42
75
84
81
76
74
76
76
74
76
79
81
79
96
106
103
101
97
96
99
102
101
94
90
85
83
87
91
95
97
96
93
97
98
94
99
99
97
95
86
81
74
68
66
35
24
32
77
89
54
89
23
44
48
48
48
40
76
92
94
89
92
90
90
87
91
92
84
91
102
103
98
97
95
96
96
101
101
103
101
98
102
103
104
104
105
105
105
104
105
104
102
101
92
91
83
78
72
70
67
48
41
33
63
80
68
82
32
43
47
48
47
40
79
93
99
99
97
93
96
95
95
87
84
99
104
102
100
94
92
93
98
99
103
106
105
105
105
105
105
106
105
106
106
105
104
103
97
95
90
85
80
74
71
69
70
64
54
67
80
82
93
72
32
43
46
47
47
39
75
92
96
94
96
96
96
95
95
87
93
100
102
99
96
90
82
86
89
99
105
104
105
106
106
106
105
105
106
106
105
105
102
97
96
86
86
82
76
74
72
70
66
65
57
80
87
82
87
71
34
42
47
46
47
39
76
87
94
94
96
97
99
96
94
90
98
106
106
103
96
92
83
86
84
90
101
104
105
106
105
106
105
104
105
104
102
100
99
94
92
82
81
74
73
72
68
69
65
61
55
59
77
75
69
66
35
42
47
46
47
39
77
86
94
94
96
97
96
97
70
63
82
92
90
79
74
75
78
85
85
80
92
99
103
104
106
106
104
106
104
102
99
101
96
90
86
81
76
70
76
66
67
66
61
56
54
93
90
77
74
46
41
40
47
46
47
40
73
83
90
91
93
93
94
90
56
26
54
52
60
62
42
22
32
76
75
72
83
102
97
101
104
105
104
103
101
100
97
94
93
88
83
84
78
75
74
69
66
65
59
49
65
75
72
64
49
36
41
42
47
46
46
40
66
77
80
86
88
90
92
89
67
44
38
38
48
55
74
77
78
63
53
64
92
106
100
97
101
102
100
97
97
96
92
91
87
87
82
81
78
75
69
65
64
63
58
41
76
79
74
43
36
41
41
41
46
45
46
42
58
66
77
79
86
90
89
91
86
73
62
64
64
67
72
76
83
88
91
90
92
101
101
101
97
100
96
95
92
90
88
87
83
85
79
79
81
70
66
62
62
58
53
35
38
40
36
41
39
39
39
41
46
48
45
41
53
58
68
69
76
79
77
80
80
78
81
76
75
65
73
79
82
85
88
87
90
92
90
91
95
96
92
92
89
90
90
85
82
77
76
80
75
69
63
61
58
55
46
34
36
38
37
38
38
40
40
42
45
45
44
43
47
58
57
57
57
58
52
62
67
72
75
81
92
84
80
82
83
83
80
80
79
70
70
71
79
85
88
85
84
84
81
84
80
77
76
76
72
66
60
58
54
49
35
36
37
37
37
36
38
41
38
42
44
43
43
43
34
60
58
66
55
55
48
32
40
55
63
74
79
94
83
73
76
71
69
65
63
58
50
42
50
65
70
72
76
77
80
81
76
69
74
69
66
63
56
53
50
37
35
35
37
36
37
37
37
39
38
43
43
43
41
42
38
48
58
62
79
74
72
67
60
58
56
57
53
48
54
63
71
73
66
64
63
68
67
72
66
50
61
70
78
75
73
73
71
70
69
63
62
55
52
47
36
40
34
35
36
36
37
36
38
39
41
43
42
42
42
40
40
35
58
58
68
76
77
85
72
69
69
70
66
71
74
78
83
84
85
83
82
84
86
87
93
87
75
74
79
74
71
72
61
65
65
60
55
51
45
37
35
44
33
36
35
36
36
38
37
40
42
46
41
42
42
40
39
39
36
53
56
65
69
70
71
61
61
63
62
58
63
58
65
70
72
74
79
84
87
88
91
85
81
73
69
70
67
64
65
63
60
55
50
44
34
35
45
41
35
35
35
36
36
37
38
41
44
44
41
39
38
40
39
37
36
34
49
54
63
66
65
60
59
63
73
81
77
75
67
66
67
71
74
77
77
81
80
78
74
70
69
60
65
61
59
55
54
49
42
32
33
42
52
33
34
34
37
35
37
37
38
42
44
45
41
40
39
39
39
37
37
36
35
41
53
61
66
71
70
71
70
75
84
85
86
83
76
80
79
77
81
83
77
76
73
71
69
62
61
56
52
49
45
36
33
33
39
48
51
30
34
34
35
37
35
37
40
44
45
44
40
40
40
38
37
36
36
35
35
37
33
41
59
68
67
71
66
68
70
74
75
76
81
86
84
83
84
76
71
71
65
61
60
53
53
48
42
39
36
32
33
37
46
49
45
31
34
35
34
34
35
38
41
43
44
44
40
39
37
37
37
34
39
31
47
26
10
38
34
53
60
58
55
56
57
54
56
59
69
73
72
70
70
65
62
57
52
44
42
38
35
32
31
32
32
34
39
43
48
50
38
32
34
33
33
34
35
40
41
43
43
45
38
40
37
36
40
41
55
22
38
19
14
62
30
30
36
37
42
40
43
47
49
46
46
53
52
54
50
47
43
34
31
30
30
29
30
29
32
34
35
35
42
47
47
50
26
36
31
33
35
35
35
39
41
41
43
42
38
36
40
45
36
40
26
31
34
17
41
58
45
29
32
29
28
28
28
27
30
27
28
26
28
27
26
25
27
28
32
34
35
37
35
36
35
35
40
42
48
48
48
53
13
28
35
32
32
34
34
38
40
40
42
42
