211
23
58
146
128
235
40
107
161
64
230
56
145
152
84
55
61
219
151
37
68
174
218
134
5
19
0
175
48
151
36
171
95
73
203
210
114
177
231
77
96
200
184
86
25
118
147
57
88
145
134
99
68
188
189
217
93
46
206
134
18
48
182
228
217
157
48
228
64
232
175
44
159
136
217
109
190
154
116
100
38
162
49
69
78
10
244
45
10
74
31
164
24
13
135
210
22
171
13
211
78
121
117
185
115
198
56
212
245
72
147
255
86
91
99
103
29
73
73
236
38
183
105
10
71
162
80
172
3
101
114
48
40
36
214
151
234
205
241
221
51
206
31
130
84
39
103
125
202
27
131
214
11
10
67
34
108
114
216
237
97
84
218
71
48
201
59
211
224
152
193
33
27
228
98
228
20
179
188
35
84
208
84
107
222
146
19
212
217
11
114
216
207
224
63
157
97
94
44
56
139
60
102
14
243
141
201
106
16
237
74
17
241
233
74
209
214
75
66
221
142
177
93
102
172
143
176
209
164
47
118
52
62
240
105
0
189
150
218
71
4
108
115
204
90
56
12
47
157
74
199
3
45
150
179
77
26
170
135
16
243
104
7
61
186
174
120
176
165
182
195
187
211
219
183
139
204
5
34
47
124
103
243
215
248
19
170
194
207
202
75
187
201
134
127
1
150
238
44
234
206
152
120
15
13
215
165
224
152
121
55
38
29
218
17
163
199
113
213
59
211
233
173
215
104
120
75
131
40
58
198
193
46
53
210
172
185
46
16
178
214
22
65
81
143
150
198
224
191
83
184
18
217
151
149
142
210
171
84
118
108
159
14
164
243
219
174
28
39
151
158
141
56
73
87
178
49
36
26
104
219
238
220
233
44
32
226
17
167
45
156
193
106
133
186
198
237
89
211
123
220
238
83
75
119
217
201
50
82
177
200
164
97
207
76
175
0
78
116
213
75
147
6
209
120
178
80
64
187
130
211
62
32
58
175
32
74
34
156
62
191
80
196
18
3
10
233
107
43
240
99
0
218
41
161
8
250
169
164
49
237
192
88
149
139
230
21
129
27
237
146
45
73
130
188
115
48
88
29
215
33
153
46
156
231
20
120
61
34
21
25
193
223
47
32
93
92
234
204
178
179
159
147
217
189
244
20
127
136
228
179
142
10
72
65
5
50
137
131
192
153
182
147
55
19
74
146
128
243
173
195
71
190
202
71
44
41
86
182
165
229
93
167
219
61
133
108
184
141
223
50
21
229
169
210
144
76
63
255
216
61
155
91
55
228
94
203
90
127
63
173
172
156
118
207
40
180
234
59
161
164
246
104
15
101
166
108
36
95
229
111
149
213
57
177
200
103
19
62
0
49
122
68
230
237
64
178
32
228
185
17
156
38
171
96
42
13
24
79
143
13
242
89
111
74
183
142
241
222
21
222
109
32
144
130
164
137
22
221
121
33
103
69
135
188
158
224
226
217
82
116
218
192
30
123
81
103
91
101
34
134
99
114
21
12
160
162
39
228
218
241
200
67
207
221
28
169
189
167
50
185
20
147
139
29
162
27
56
156
132
181
95
68
133
188
46
173
53
203
192
166
219
41
182
114
15
70
189
38
74
181
54
102
177
1
180
151
66
158
26
214
236
214
103
201
116
237
80
102
197
242
186
55
133
162
31
49
205
216
85
192
235
156
71
181
110
59
113
131
43
129
199
159
119
44
42
67
195
87
143
223
123
217
24
56
131
102
220
179
233
66
195
123
180
126
68
122
49
86
32
127
95
120
89
95
52
145
91
65
146
171
196
73
149
178
164
196
165
207
152
39
206
165
232
104
164
199
156
91
200
114
166
184
78
55
36
153
97
92
241
73
105
124
202
172
167
118
53
240
127
97
103
41
191
115
184
148
52
30
0
149
26
127
112
136
131
67
46
35
25
132
38
132
36
153
93
27
145
84
59
176
92
49
187
175
185
248
24
23
144
71
57
70
34
110
172
102
204
118
172
93
67
178
35
127
225
228
80
136
135
183
71
207
187
87
168
139
133
198
103
231
213
74
192
145
126
64
37
32
59
201
0
122
203
156
53
114
120
172
156
198
186
134
234
57
84
189
200
245
77
165
55
232
135
180
161
203
221
217
185
30
24
60
162
235
243
84
101
170
0
203
184
37
127
134
59
111
246
126
87
41
47
51
194
32
43
22
80
18
89
79
57
205
70
57
15
224
139
168
171
208
33
5
36
24
173
50
19
109
145
193
248
27
148
179
100
224
126
12
105
115
195
134
203
147
186
238
101
120
50
192
51
197
93
27
177
52
53
130
85
109
49
42
59
119
75
48
220
94
190
159
117
74
28
93
134
112
193
151
185
153
148
126
211
86
215
52
69
56
58
238
51
83
90
99
49
85
146
144
207
130
232
241
164
64
175
231
170
79
180
157
118
126
162
104
128
226
146
70
131
237
200
140
99
38
175
106
41
28
64
185
0
129
195
169
41
203
113
130
180
161
87
230
206
19
20
98
59
122
185
71
99
24
12
136
29
129
4
182
234
69
196
137
106
133
64
86
50
140
35
106
157
135
39
62
215
92
132
58
123
39
86
64
125
216
199
30
84
138
87
196
225
186
211
234
245
206
89
196
255
191
101
129
115
160
208
233
65
36
204
99
21
77
51
102
149
152
176
90
237
49
150
68
58
70
239
138
62
127
28
231
49
186
160
186
109
32
101
200
25
27
223
92
57
137
38
139
163
149
234
225
67
222
165
201
138
184
205
222
153
211
15
131
148
28
223
199
218
145
37
135
238
139
218
194
119
219
115
93
107
231
70
167
230
89
89
142
0
161
95
107
125
240
144
76
146
116
91
194
179
142
120
52
143
89
41
196
146
153
30
114
255
60
164
169
211
200
123
181
63
81
78
79
41
25
183
109
100
50
209
99
224
211
69
137
121
191
63
128
205
213
40
155
131
75
63
224
62
207
221
60
83
123
168
36
53
136
178
132
74
86
130
98
132
103
83
179
36
137
50
130
237
81
232
197
72
201
178
224
29
89
47
55
170
37
159
15
110
47
119
28
83
146
195
26
60
115
20
206
146
109
136
109
90
159
25
10
74
99
192
136
253
77
112
37
54
234
50
27
15
210
143
61
55
240
193
188
201
219
228
62
129
138
200
223
28
240
146
25
39
106
61
0
87
45
236
160
179
45
162
83
52
198
221
182
4
208
205
247
186
140
70
160
78
158
159
222
160
84
59
82
173
98
39
154
185
217
181
75
211
75
206
100
111
17
96
122
68
195
106
208
53
199
97
170
191
48
60
85
96
0
147
151
133
76
97
83
190
175
166
168
30
104
220
153
172
64
221
124
42
145
15
150
100
126
199
176
98
134
61
161
221
106
208
108
41
78
82
92
145
95
225
237
73
135
201
154
226
16
207
157
184
119
177
35
184
174
207
145
99
214
101
204
100
145
147
156
239
151
224
94
165
15
255
138
195
214
133
39
99
141
157
56
69
189
23
68
23
185
137
67
68
136
96
186
177
193
177
124
222
196
105
137
133
100
224
83
18
84
120
117
30
44
83
134
196
74
175
101
230
193
105
182
11
54
184
99
44
130
72
76
27
117
32
49
130
200
20
59
55
41
132
187
91
60
122
135
98
51
20
198
102
152
180
151
202
115
215
23
206
13
156
255
72
125
129
4
50
188
52
233
186
162
201
103
140
32
124
20
38
140
172
216
35
50
132
223
46
56
135
209
98
98
236
240
229
23
25
142
136
99
167
29
88
76
133
209
122
227
179
180
197
108
240
35
105
28
93
231
38
15
234
181
164
41
139
207
7
154
242
101
240
191
208
221
36
168
64
40
27
97
207
111
28
235
182
172
14
53
157
232
18
12
216
24
98
179
25
179
226
83
55
233
171
200
142
179
97
160
198
30
207
201
181
231
189
138
88
0
45
190
189
57
18
111
50
152
93
166
182
250
211
101
155
195
133
67
146
135
179
125
200
118
147
134
35
97
141
56
216
49
142
108
71
209
79
188
194
134
38
224
37
27
89
195
73
193
156
152
214
0
48
210
198
114
38
189
55
107
161
221
181
62
177
196
171
233
101
19
169
160
223
192
212
163
152
178
101
81
163
192
53
175
194
138
201
75
227
48
162
95
61
27
26
116
146
123
111
31
179
142
27
90
199
73
129
68
193
144
24
221
106
230
74
46
148
191
83
50
61
108
136
41
34
154
131
181
110
128
148
207
187
171
179
97
136
92
220
237
26
131
115
159
63
140
103
88
92
78
69
105
112
0
158
78
61
60
92
123
88
159
93
226
88
100
160
107
232
111
193
195
120
79
127
139
48
63
146
172
76
132
74
176
124
100
110
140
203
185
83
197
177
54
212
181
61
135
53
177
90
45
143
153
83
149
166
77
234
98
38
218
211
214
184
142
193
42
56
135
100
190
217
155
69
116
67
73
50
102
33
211
157
186
151
196
138
68
177
119
224
85
172
106
27
197
92
59
65
216
142
37
118
207
68
96
124
218
162
101
177
91
116
1
195
192
144
109
158
173
118
227
180
128
193
148
228
217
103
167
26
120
187
182
167
5
8
45
46
177
186
177
91
219
232
52
16
86
252
208
178
40
199
255
94
245
108
189
59
148
64
107
194
6
40
41
32
134
118
153
172
234
224
158
144
124
118
230
75
86
183
104
233
146
23
60
81
148
77
202
132
145
226
62
19
106
142
51
73
43
142
36
163
185
194
197
239
220
172
84
44
77
210
37
151
20
109
131
72
87
56
126
146
217
136
196
14
119
86
226
215
60
99
159
41
123
197
146
42
104
217
20
253
235
120
228
176
90
180
217
182
218
33
226
238
25
22
125
28
146
50
198
38
28
220
60
96
198
99
161
99
183
150
178
78
170
125
197
29
100
52
0
20
112
190
165
82
231
92
124
167
148
144
166
85
255
101
210
243
86
229
42
176
115
240
118
153
186
241
75
124
63
117
93
104
184
210
196
167
117
97
68
243
209
225
15
184
116
148
215
173
79
243
12
228
106
157
38
161
40
143
40
92
134
209
177
214
129
102
104
159
61
159
229
222
34
46
216
151
164
3
26
54
145
234
6
59
105
136
50
80
90
76
142
20
189
144
80
19
80
136
190
156
75
135
58
113
54
124
187
170
118
202
14
54
27
200
248
183
65
118
166
69
57
210
139
0
250
29
5
234
55
182
240
235
94
13
221
32
108
20
175
36
189
210
121
118
22
41
210
158
246
38
70
196
49
107
60
160
66
250
99
236
32
233
92
213
19
29
37
53
223
98
215
198
206
180
30
141
230
106
20
175
151
205
155
174
159
34
180
24
75
163
224
125
130
121
227
30
24
66
130
151
165
0
161
206
28
247
152
95
218
131
54
106
91
121
211
109
137
76
149
30
152
122
192
23
13
213
220
160
194
176
109
94
27
15
178
71
189
112
127
120
114
205
171
237
65
75
148
20
152
163
48
181
32
236
112
22
132
48
78
172
232
76
107
90
56
88
195
92
101
45
58
20
65
141
224
149
142
145
54
33
177
203
189
227
34
147
144
151
20
221
181
199
144
167
174
114
207
54
116
60
33
136
144
221
78
157
150
221
255
22
83
59
150
119
201
210
92
39
142
150
170
67
212
84
188
191
69
37
153
43
37
119
79
110
93
203
119
139
126
26
81
24
165
76
182
156
120
37
83
177
26
65
191
225
198
186
224
121
103
136
86
75
184
44
209
175
180
68
143
97
188
17
6
122
103
53
20
50
129
144
242
185
95
35
164
86
48
76
146
157
144
255
66
193
91
225
102
216
33
111
76
219
22
53
162
232
182
173
124
225
30
217
240
192
116
43
181
190
224
123
141
52
41
98
105
181
44
21
0
61
106
189
229
36
23
161
48
47
236
228
223
68
159
115
188
230
13
215
149
99
88
36
92
51
223
98
117
6
0
199
110
30
51
193
165
56
69
216
189
140
118
209
134
102
53
195
181
173
83
188
176
114
114
185
160
109
151
144
217
89
7
81
127
75
117
37
200
120
90
103
125
44
215
211
75
27
146
33
53
223
164
195
171
45
59
189
128
238
120
202
175
150
243
29
4
235
39
164
68
230
88
80
42
237
184
7
28
109
136
73
65
180
70
40
134
148
214
59
220
46
145
231
94
182
68
171
217
203
129
158
255
46
94
77
114
40
31
240
48
8
126
208
244
69
182
186
66
61
17
176
222
105
254
193
11
254
180
248
31
17
48
82
245
115
120
143
153
125
115
225
122
47
116
187
80
155
249
189
233
86
226
84
210
65
134
32
99
62
135
34
19
181
104
15
110
93
234
81
17
27
153
84
248
81
40
97
12
228
154
33
187
27
230
255
106
245
128
139
222
82
135
214
48
162
132
203
143
169
56
14
98
186
195
60
217
64
25
228
101
33
102
33
63
186
15
46
91
199
146
157
129
75
140
184
64
214
66
119
161
76
172
217
134
215
51
199
128
157
112
74
227
83
161
114
219
57
191
177
96
101
78
41
109
216
167
63
222
156
69
148
51
61
94
136
60
215
183
65
255
77
29
39
176
185
158
37
182
59
182
66
155
67
91
37
137
195
80
69
95
77
75
161
30
58
123
186
191
177
209
176
97
74
227
127
124
154
105
87
97
226
199
132
225
225
83
134
115
154
202
94
121
182
125
252
205
201
233
231
226
23
163
192
102
77
63
50
232
125
211
213
162
48
209
93
143
81
148
62
155
141
79
102
0
173
196
148
49
142
110
24
145
114
180
61
102
46
94
81
132
189
58
98
224
138
222
33
217
147
60
15
85
123
174
52
159
91
186
124
80
186
214
146
143
199
135
131
95
178
237
30
198
122
225
169
216
58
69
214
134
247
36
68
139
79
232
133
239
69
89
156
26
182
56
194
35
57
243
183
219
144
0
224
192
162
233
107
235
179
200
232
219
142
93
220
90
19
71
78
73
156
24
155
36
119
176
101
224
194
207
43
181
155
222
183
186
45
47
58
176
147
133
48
106
208
84
34
143
125
38
132
171
34
192
11
180
14
167
106
232
182
242
217
14
8
19
12
117
145
119
215
119
245
174
255
228
118
26
2
12
235
52
88
63
59
218
229
117
242
89
149
224
188
241
171
93
231
221
236
33
183
14
183
54
237
255
167
90
202
208
73
13
35
244
211
140
185
187
101
92
131
126
127
70
117
55
196
236
219
229
111
97
97
141
140
45
130
57
11
234
226
58
123
154
63
121
164
188
185
19
231
126
32
49
39
163
66
219
132
95
163
67
138
207
51
232
45
25
193
64
196
198
208
86
232
145
150
213
74
234
104
13
62
9
9
88
195
79
179
192
69
174
141
111
116
168
38
208
98
201
34
23
255
65
64
55
235
38
169
15
183
153
49
204
247
43
165
111
119
196
85
221
212
195
36
38
115
126
57
179
220
13
94
108
144
110
56
185
86
16
203
187
39
208
190
100
133
150
188
120
65
66
119
124
81
130
217
71
206
111
231
224
244
68
210
132
15
15
152
110
35
116
166
8
144
155
59
175
233
154
255
144
208
40
222
53
146
47
62
132
196
144
231
133
24
207
21
193
128
