0.0002293  0.00023363 0.00030775 0.00031399 0.00027675 0.00029392
 0.00028777 0.00024483 0.00034381 0.00026871 0.00026649 0.0003055
 0.00061555 0.00010976 0.00010984 0.00028735 0.00028316 0.00028899
 0.00025139 0.00033364 0.0002933  0.00028782 0.00032312 0.00028676
 0.00011009 0.00036569 0.00035922 0.00020683 0.00011007 0.00029153
 0.00021503 0.00011142 0.00026055 0.00029181 0.00030249 0.00025597
 0.00011007 0.00030335 0.00029313 0.00029425 0.00011201 0.00032059
 0.00025325 0.00028477 0.00011172 0.00023186 0.00029385 0.00030591
 0.00033523 0.00029625 0.0001114  0.00027367 0.00011007 0.00029329
 0.00031696 0.00049896 0.00033121 0.00027203 0.00027894 0.00023272
 0.00024332 0.00024325 0.00011002 0.00031758