56
71
55
67
43
136
16
143
16
187
32
149
197
182
146
104
190
103
255
161
57
92
154
225
199
52
96
12
147
27
138
194
255
25
187
49
75
1
2
250
44
222
232
169
18
37
251
42
225
5
112
205
21
110
113
178
244
209
118
228
73
114
139
65
72
215
216
129
151
105
42
136
103
163
45
187
113
226
5
172
244
2
57
108
51
90
187
173
236
42
138
95
89
134
255
236
147
132
234
148
30
81
68
219
12
15
26
137
103
74
68
226
251
88
90
199
222
2
69
23
71
91
22
158
127
173
110
54
244
1
135
123
29
167
169
41
154
2
43
25
252
204
108
203
141
232
172
185
192
148
161
53
80
208
148
39
176
76
129
40
153
88
222
109
17
35
67
169
87
186
96
187
208
200
183
49
159
163
27
193
9
220
182
207
178
131
102
5
14
40
91
36
3
136
201
243
150
164
29
48
125
60
127
46
12
23
54
188
8
93
49
148
127
96
192
241
171
240
171
46
96
220
81
191
229
68
247
207
100
83
29
9
160
133
174
60
14
66
224
45
245
49
175
31
212
129
226
95
173
100
73
30
3
18
150
220
16
42
136
66
159
76
117
126
56
216
250
158
71
60
26
180
27
11
140
255
185
125
185
228
75
28
232
78
230
4
123
219
175
98
248
74
83
107
137
165
83
218
47
253
58
96
66
26
29
163
218
114
38
210
63
61
130
172
116
34
42
1
151
30
11
195
33
1
13
97
200
110
106
214
237
122
157
193
212
37
187
200
90
102
123
76
68
217
141
227
221
132
45
228
128
39
238
230
72
195
155
93
133
173
66
39
145
117
205
107
59
145
84
59
229
139
57
236
177
54
201
21
103
129
110
120
95
83
158
32
178
136
208
29
112
33
149
33
148
165
89
102
89
197
119
45
185
223
207
79
164
34
184
137
73
27
125
67
43
168
107
226
197
192
103
117
181
58
178
68
22
176
100
104
142
186
219
108
117
215
147
95
61
32
121
162
41
207
35
209
134
190
177
140
88
45
90
87
110
99
49
176
45
58
143
45
0
87
34
90
175
124
21
80
231
151
90
169
46
153
51
207
66
185
150
86
113
204
36
56
40
31
45
218
224
224
156
182
173
148
178
132
118
95
116
46
185
151
78
146
192
146
121
226
69
40
161
79
107
229
206
169
80
136
188
107
143
185
96
200
172
172
159
24
11
98
192
140
140
22
73
52
115
57
180
79
52
73
93
183
80
58
149
114
122
141
94
162
108
160
150
159
185
214
213
178
56
125
169
112
155
112
153
49
176
44
69
166
212
148
231
156
199
81
214
188
198
203
57
96
36
155
125
69
157
200
170
186
146
126
71
173
220
246
241
187
183
40
255
31
166
224
40
113
125
89
76
49
110
213
148
3
157
103
34
163
37
53
138
33
69
250
53
64
15
98
7
232
72
22
211
190
156
157
186
102
193
95
159
74
107
144
46
107
236
136
4
41
214
243
165
21
76
64
126
238
35
115
69
75
136
100
213
114
98
149
209
190
17
154
72
67
255
56
254
199
165
184
92
220
112
162
241
21
47
202
6
71
30
60
168
191
169
44
146
183
169
60
89
42
239
117
176
67
102
179
28
221
248
156
142
32
123
138
1
133
9
233
7
179
83
32
167
106
25
79
149
163
90
41
146
165
157
190
83
242
194
129
176
241
161
230
233
42
85
229
114
121
25
205
146
183
53
139
119
153
203
218
1
224
22
212
21
103
114
84
239
32
189
215
190
32
155
242
215
135
158
65
82
62
73
153
26
20
12
181
48
164
193
251
12
116
144
118
55
12
255
31
112
30
88
239
96
236
225
83
17
112
122
30
34
106
227
11
72
54
67
63
13
177
60
209
188
10
31
13
237
179
253
198
79
143
63
6
44
102
35
55
231
91
201
42
35
131
92
62
104
15
32
152
196
34
78
8
252
116
101
215
10
160
114
96
53
140
220
143
104
187
71
202
158
174
127
137
150
41
163
215
198
248
154
142
160
208
215
122
40
21
161
73
166
110
247
21
246
119
233
124
101
131
118
131
238
168
171
226
176
218
110
192
117
74
220
186
93
239
64
134
231
39
133
182
114
225
52
139
80
99
157
45
166
107
68
174
149
79
117
200
117
137
100
85
124
120
61
186
39
44
224
82
192
118
125
113
57
97
176
47
186
86
201
153
214
133
29
45
141
88
104
235
138
200
66
214
120
221
109
77
200
255
167
155
177
245
197
183
207
131
219
75
101
189
192
196
61
99
131
214
189
201
152
122
223
182
200
91
198
142
96
80
89
181
70
216
210
61
172
221
217
114
248
155
178
57
223
155
99
68
238
100
174
86
161
117
190
97
211
216
144
148
199
114
161
111
72
54
154
168
212
206
184
234
51
19
34
212
113
98
127
232
112
166
227
227
116
241
112
209
193
177
203
49
204
136
25
232
92
49
74
183
250
246
55
128
159
191
59
147
183
161
189
153
183
105
100
77
146
135
78
73
74
36
24
63
184
135
78
86
110
182
238
91
189
239
85
64
53
116
193
5
30
124
67
60
26
95
209
104
33
105
233
246
118
1
248
87
248
78
139
80
127
232
53
85
216
164
143
148
97
79
194
220
171
89
234
140
172
92
155
206
183
160
67
151
144
69
194
159
109
147
122
18
7
106
186
211
141
118
86
122
146
175
152
250
57
221
188
255
145
65
243
75
61
125
56
46
146
236
106
179
188
121
186
189
134
174
173
235
110
246
210
174
219
108
96
236
240
255
165
112
87
181
54
82
131
183
209
180
109
66
99
130
42
153
163
176
87
112
126
167
229
183
216
227
213
105
76
35
66
121
185
74
162
154
61
40
44
109
204
68
72
151
109
212
116
131
167
205
63
88
157
140
225
66
102
181
236
123
132
97
68
209
135
168
71
249
235
224
181
250
197
153
216
151
125
114
67
167
63
79
111
77
148
130
47
183
146
82
109
119
80
69
210
54
213
166
205
56
123
50
97
205
227
227
230
139
111
104
176
70
99
237
206
172
187
166
239
169
195
196
221
110
200
225
54
115
88
213
150
189
229
105
90
216
206
146
108
132
88
70
86
186
165
118
122
130
157
56
218
218
191
196
193
109
68
128
162
123
89
179
65
215
214
88
121
220
114
157
96
193
31
41
30
25
186
46
157
58
167
106
165
180
88
184
151
174
215
78
193
151
42
130
126
222
58
43
217
215
54
216
211
206
139
195
217
242
220
135
173
136
55
183
201
136
99
163
200
204
117
92
101
255
229
169
185
181
163
196
187
159
140
182
90
117
199
140
85
198
171
29
81
33
140
48
96
88
127
21
129
177
209
102
186
197
49
186
87
194
42
152
130
196
133
184
167
162
80
201
196
89
125
19
83
71
232
222
92
191
184
206
52
22
152
160
132
25
35
137
162
58
149
197
121
159
73
178
168
99
173
101
104
114
158
109
195
141
157
158
147
104
233
209
205
151
219
144
214
44
104
173
163
200
191
207
181
57
168
71
236
51
106
93
41
129
209
229
220
96
143
153
159
238
233
110
152
211
218
197
234
198
47
29
165
143
197
104
109
34
153
174
197
140
178
51
196
38
139
62
136
192
184
147
157
160
26
203
133
42
136
214
164
232
142
37
224
107
130
81
74
241
173
154
112
221
55
82
55
205
73
184
248
141
45
229
111
221
193
80
107
255
232
25
111
155
138
173
127
209
193
123
236
179
186
80
205
87
171
255
66
241
223
232
142
176
87
137
226
240
247
41
87
77
224
72
200
4
146
152
40
63
32
201
51
241
144
112
251
95
76
26
22
98
247
221
146
237
3
39
63
50
124
132
50
28
137
37
86
86
193
139
107
195
88
64
24
15
90
209
36
27
114
140
25
161
30
51
33
27
32
206
52
237
209
74
199
121
110
205
197
131
75
167
195
157
61
76
26
33
212
251
247
101
220
121
38
239
102
157
76
187
130
57
90
157
120
108
188
175
40
251
198
145
39
19
255
250
31
71
78
43
89
49
205
2
12
153
136
53
28
40
113
151
87
118
190
134
141
165
236
201
206
11
235
132
71
130
43
47
168
162
91
203
45
73
65
79
108
228
152
224
180
134
210
171
92
95
159
146
96
209
176
237
109
140
123
171
148
184
224
158
115
176
126
138
148
50
104
27
134
96
212
126
172
205
209
85
117
58
111
198
218
90
197
57
189
184
232
96
193
81
170
91
175
67
67
65
85
106
81
115
47
168
195
62
97
131
208
47
184
117
86
79
56
66
94
162
225
140
129
119
11
68
136
111
148
130
102
230
191
136
166
227
118
210
117
34
100
120
163
199
79
25
126
134
194
94
103
185
95
140
199
26
48
112
191
92
121
169
79
0
120
150
194
54
106
14
124
60
46
119
224
164
199
122
94
43
210
192
87
12
154
118
104
13
232
243
166
209
197
189
114
194
208
68
188
90
77
226
134
137
145
168
192
36
126
196
127
42
48
188
86
102
235
247
148
116
194
235
160
102
51
76
52
186
195
146
65
76
100
188
67
57
75
179
148
217
166
178
167
183
126
237
153
197
63
183
134
96
49
157
140
149
87
129
150
23
1
82
38
109
10
8
94
252
88
176
177
214
162
182
42
183
175
168
96
111
230
184
134
182
127
218
117
130
156
210
64
173
128
56
50
193
186
90
212
81
83
211
102
45
147
242
103
98
215
157
188
70
57
126
128
171
17
58
6
15
40
63
188
123
148
156
177
54
146
136
166
55
164
105
112
133
131
44
84
97
173
21
118
182
108
220
216
63
184
199
178
213
42
41
179
198
191
38
202
161
146
58
62
189
110
56
61
33
231
99
214
134
221
225
93
192
49
156
53
149
127
141
155
61
176
133
57
131
193
119
95
170
169
134
110
226
185
100
124
164
64
107
145
174
95
124
85
165
122
175
229
42
186
118
155
13
136
133
78
80
48
135
50
69
187
216
135
195
152
156
200
142
149
123
194
183
29
55
204
64
180
168
107
219
229
114
182
105
126
93
94
171
159
47
51
7
183
117
41
43
185
187
99
99
128
255
150
150
171
139
175
115
99
36
122
86
180
52
186
44
24
198
155
134
206
37
214
41
55
75
36
234
228
71
145
191
123
198
233
87
117
202
97
41
128
48
224
160
220
169
153
206
142
81
72
170
66
111
82
226
222
206
150
193
190
183
166
74
72
187
133
120
209
60
77
117
199
141
105
37
107
147
220
40
165
217
118
66
232
69
68
237
219
250
60
132
64
112
82
95
53
225
103
139
160
135
245
93
52
165
77
137
206
248
219
255
69
213
46
175
122
37
225
37
145
192
99
195
193
112
134
163
72
153
175
156
188
63
153
105
64
55
188
217
178
126
220
63
228
231
127
113
192
196
188
124
185
51
251
169
219
55
173
209
188
186
241
163
