127
170
116
116
127
134
113
106
131
114
129
134
126
110
152
108
108
139
116
107
128
109
134
113
99
117
114
116
111
114
113
132
157
121
113
108
114
139
144
106
144
114
141
114
143
107
107
140
111
144
111
118
110
130
162
121
156
135
169
110
121
112
125
110
111
114
112
108
112
112
121
123
114
104
119
144
117
111
132
166
120
145
116
115
137
108
113
119
104
109
114
108
112
116
125
109
114
111
123
120
117
110
123
112
106
111
112
108
109
108
114
109
116
124
133
166
114
117
158
145
107
114
114
120
115
139
111
141
109
107
109
112
113
123
136
114
115
112
112
164
114
135
129
110
142
114
114
150
112
114
114
118
108
115
138
122
140
115
139
112
117
113
113
136
108
138
123
162
116
110
148
149
157
110
107
110
104
135
111
121
120
123
111
117
161
123
109
151
114
109
138
103
113
113
123
145
113
112
161
117
114
112
112
114
192
136
123
112
113
136
116
106
110
130
127
109
137
114
114
110
146
139
114
144
109
111
111
113
127
111
112
150
116
111
125
134
112
144
113
132
114
115
108
144
112
113
112
146
114
156
125
124
110
145
139
155
