49
164
240
43
113
127
44
37
188
35
184
206
115
141
41
70
245
226
223
114
146
73
238
0
118
160
255
24
142
72
231
80
20
152
99
199
181
52
22
151
82
186
60
138
188
220
141
249
22
62
137
189
137
53
37
205
124
105
116
78
255
96
160
77
140
211
37
184
143
144
131
85
178
149
250
56
241
254
73
110
108
149
253
151
66
99
25
104
200
130
5
82
0
241
203
149
240
113
217
66
166
80
39
55
21
226
135
127
8
83
85
45
0
21
8
24
173
26
146
112
20
53
229
181
64
104
151
228
253
119
31
176
55
241
58
129
44
66
91
173
135
89
105
255
34
222
39
105
81
177
22
225
153
71
153
255
231
35
120
152
143
32
80
118
180
36
252
80
51
249
76
71
107
38
235
153
165
151
138
111
18
58
202
116
1
207
38
198
219
252
185
117
64
20
42
61
155
193
53
212
238
241
128
65
125
255
66
32
247
214
65
175
64
76
50
51
106
202
250
161
204
60
81
35
172
192
15
202
19
219
134
230
179
6
118
255
223
153
216
195
37
100
112
39
124
44
23
40
97
193
104
146
247
87
103
207
158
108
202
10
13
66
100
146
69
188
88
112
183
101
235
128
136
255
70
108
179
88
60
206
115
52
252
124
71
212
87
95
210
255
151
107
128
77
94
61
118
233
40
65
43
27
193
1
41
189
151
205
187
33
62
255
28
122
83
209
51
214
143
184
154
70
241
28
214
129
69
82
198
190
73
171
216
153
149
255
229
84
62
255
112
38
156
130
210
167
218
103
103
223
162
93
158
200
131
179
183
117
104
31
129
127
255
238
248
82
248
113
169
55
4
183
12
136
69
16
158
14
0
189
174
209
116
226
166
81
31
48
123
5
203
31
17
252
255
243
198
20
241
141
155
209
113
189
115
255
134
118
149
248
36
42
171
20
185
25
255
238
135
213
88
48
163
223
45
154
155
197
247
247
246
59
224
0
255
77
22
30
141
69
44
250
63
1
66
133
243
213
132
41
28
104
255
225
45
243
168
195
225
140
167
202
174
103
239
75
203
145
82
148
156
74
124
144
216
99
24
122
123
233
243
186
65
51
40
255
200
226
84
72
156
241
22
80
49
212
153
41
189
128
224
221
129
158
62
90
127
65
254
122
213
255
231
1
156
207
111
157
38
186
120
58
179
198
107
21
0
69
161
65
223
225
63
236
231
163
130
165
141
255
20
200
251
43
20
238
148
156
43
117
177
120
153
154
131
243
144
122
81
205
212
60
160
0
5
147
233
80
51
158
63
158
246
212
233
208
35
97
41
205
179
183
196
10
41
204
54
24
230
0
251
244
156
150
32
38
168
210
198
13
214
105
255
114
161
80
126
75
204
91
152
105
232
236
34
25
187
120
46
210
123
155
134
164
59
218
77
210
206
132
77
5
87
250
226
70
84
214
74
50
255
174
149
254
177
142
47
227
242
135
119
138
28
1
228
166
89
145
197
147
174
235
147
200
144
12
44
212
190
84
255
247
177
37
105
170
86
82
255
110
27
76
242
252
49
99
190
36
54
230
251
155
116
241
75
112
32
65
47
96
86
186
54
75
197
205
228
255
198
247
76
23
217
9
193
90
71
196
23
102
126
82
29
51
168
83
52
176
162
131
255
75
198
139
102
104
174
165
162
79
163
29
31
28
134
89
89
106
188
220
141
222
217
95
234
152
15
255
229
16
88
45
168
165
55
73
135
17
198
221
69
159
70
47
115
36
245
236
135
79
42
192
100
222
233
48
161
162
209
217
247
56
19
5
105
20
0
162
242
168
