152
37
31
245
223
227
177
95
134
112
95
187
191
80
88
172
201
175
255
46
188
115
149
145
247
250
165
209
89
34
135
117
222
17
62
81
194
196
23
203
110
99
103
18
117
198
255
240
163
53
125
141
164
204
196
57
131
162
29
92
254
1
252
220
146
201
216
151
41
182
225
149
87
242
248
67
160
155
139
204
101
199
4
172
29
4
40
69
188
169
30
35
123
121
43
0
211
105
233
242
161
175
52
116
4
61
9
84
240
108
153
82
62
229
29
45
175
108
169
67
239
63
145
0
164
165
33
77
42
101
229
2
8
211
181
26
4
217
209
199
221
39
255
124
127
166
10
247
8
251
77
108
148
39
154
165
210
95
203
142
232
166
104
27
122
190
166
9
165
255
238
80
243
46
233
178
18
149
215
145
23
250
45
36
149
73
1
49
212
7
255
184
16
230
207
75
182
72
214
140
211
211
30
175
191
12
27
217
130
61
78
206
183
121
0
215
30
175
176
59
168
48
14
250
207
115
39
207
129
158
114
190
154
174
214
208
48
191
0
42
172
130
98
254
125
161
76
76
44
59
179
126
26
255
180
227
31
110
81
5
92
115
53
127
163
197
158
163
182
115
91
6
255
35
160
39
52
39
161
31
212
38
36
228
178
85
120
34
124
3
148
146
8
151
128
0
140
98
103
38
243
60
106
119
212
153
209
157
223
91
86
161
100
45
75
38
14
112
195
255
39
159
255
171
87
35
197
248
131
255
52
127
3
79
179
186
8
253
213
228
254
29
84
44
147
193
175
70
93
111
95
40
4
29
23
125
253
255
222
26
252
236
150
209
240
151
111
24
48
129
187
124
213
16
222
48
92
21
28
6
94
255
90
146
117
59
91
163
33
52
217
77
48
199
92
242
138
151
165
249
12
130
28
112
37
108
209
46
166
82
104
127
39
137
216
79
48
125
236
26
203
38
115
255
129
240
220
89
7
18
36
67
188
131
119
219
128
187
137
19
181
81
74
127
175
190
255
214
97
112
156
191
25
128
27
255
193
197
148
28
225
95
77
156
192
104
37
190
59
54
176
26
144
62
170
179
252
48
51
174
138
213
61
255
98
112
77
224
170
13
230
114
129
92
133
26
36
34
86
103
131
126
138
120
52
111
118
196
129
18
237
144
0
188
153
211
188
30
63
194
220
23
239
178
13
120
227
68
240
121
141
160
0
140
240
96
3
127
127
206
217
159
204
215
88
246
28
22
3
54
69
191
182
9
189
179
15
25
56
21
199
20
189
191
93
158
222
255
119
130
177
125
177
150
244
113
226
2
16
64
132
37
132
143
97
0
197
173
30
152
135
173
29
41
133
93
104
73
47
111
251
31
6
196
118
156
48
132
43
231
255
159
44
152
42
156
173
85
200
173
255
19
167
252
240
52
65
175
142
76
183
14
56
46
56
22
57
113
255
146
104
168
219
23
39
195
30
175
24
137
26
216
10
71
85
237
80
227
0
72
151
25
57
106
75
65
97
115
146
76
104
127
102
53
155
48
155
255
103
17
165
131
218
164
6
83
85
116
57
97
95
252
221
59
41
78
223
153
179
194
234
113
59
199
128
142
195
78
204
139
232
168
109
41
143
29
246
0
139
168
200
97
29
26
217
91
200
164
63
74
82
57
178
241
67
128
84
70
255
161
110
154
133
232
170
204
148
56
203
69
141
192
56
239
248
80
98
168
207
63
28
120
188
68
50
12
6
204
255
177
115
199
36
74
80
91
31
109
70
237
186
205
163
82
181
27
249
145
250
37
237
37
0
19
94
205
38
12
194
197
183
148
83
234
116
174
209
6
177
29
206
217
102
76
36
111
14
214
32
229
255
19
102
133
213
82
52
148
147
87
135
107
99
86
232
1
253
123
225
222
151
224
176
0
240
158
30
207
77
70
29
124
148
93
197
4
152
0
37
106
106
104
8
215
161
149
164
235
175
57
214
217
154
245
246
125
33
140
146
73
255
245
235
19
71
107
122
21
64
119
173
105
197
122
13
130
188
30
219
157
196
245
22
249
189
63
155
60
166
141
118
0
251
40
129
29
124
17
219
206
170
246
124
246
127
127
238
203
254
179
250
1
128
4
177
134
66
128
33
237
218
93
218
232
158
88
151
239
32
36
219
181
164
122
28
154
14
243
255
171
210
28
34
177
23
211
104
99
67
250
48
38
216
114
116
202
155
233
58
232
161
110
9
196
59
209
26
92
157
136
23
84
255
182
190
137
75
226
165
254
106
20
197
108
83
207
129
255
18
151
201
200
144
66
224
214
115
135
180
15
249
91
160
196
206
159
68
132
239
163
26
239
223
102
194
49
246
12
237
65
175
197
134
46
0
128
3
103
41
134
5
238
84
52
234
133
143
57
6
4
69
18
129
139
0
110
196
44
92
108
111
171
85
33
250
34
82
51
13
205
29
44
143
112
88
204
208
185
255
235
152
30
9
163
212
30
185
143
211
147
216
197
250
162
93
152
41
174
56
196
38
179
120
55
62
87
157
39
208
255
252
169
170
208
68
216
143
21
60
114
175
63
63
99
122
11
222
20
226
199
91
45
61
132
4
207
179
189
195
255
3
84
253
113
65
107
214
180
93
255
226
6
248
45
143
114
191
49
187
3
252
239
111
24
211
159
209
185
213
160
80
26
255
181
130
208
112
150
86
170
246
51
251
80
242
171
68
57
121
22
195
9
184
95
71
177
58
107
155
0
215
178
228
123
93
29
7
227
203
52
162
249
52
190
101
242
63
152
77
24
236
196
207
196
140
15
0
100
132
169
244
145
45
175
239
1
249
91
128
28
194
255
195
51
31
166
41
141
254
20
52
201
200
126
104
212
143
185
155
239
203
224
20
95
15
61
203
11
25
56
195
2
41
220
87
21
96
11
84
255
25
55
173
242
239
245
142
159
7
42
49
109
134
143
132
187
255
129
64
9
1
133
239
188
202
104
168
225
73
135
251
10
173
24
192
181
13
104
65
80
215
103
122
133
170
66
176
167
198
243
29
4
43
236
103
85
255
174
149
5
210
12
128
228
234
67
147
181
174
61
56
118
145
143
24
111
141
233
215
88
232
57
100
33
255
255
164
93
59
192
198
11
156
85
120
183
10
176
188
122
208
52
242
142
126
254
18
240
141
114
129
254
188
228
207
80
209
104
41
177
18
62
184
188
186
198
201
0
235
139
221
242
126
122
211
200
140
85
0
37
108
207
138
217
69
127
196
126
123
93
184
207
231
17
52
68
106
43
235
105
1
172
246
172
149
223
25
74
229
240
83
255
131
161
138
202
237
139
10
62
87
99
69
164
166
26
72
223
243
230
72
250
232
104
149
105
84
11
135
200
231
255
112
75
240
235
209
2
29
104
186
123
159
62
64
60
144
21
234
148
200
94
88
79
134
221
54
126
0
108
85
102
80
11
212
225
37
60
98
213
44
43
63
84
42
145
17
120
176
12
46
179
251
117
197
226
25
89
255
218
192
74
52
17
255
53
88
109
151
24
79
215
35
54
160
171
65
206
36
157
232
187
154
35
250
62
86
97
182
29
44
207
227
59
145
87
118
61
159
90
12
129
166
152
252
137
255
64
29
71
