0.00005066 0.00031657 0.00005561 0.00026061 0.00005179 0.00024766
 0.00035173 0.00005142 0.00005066 0.00031954 0.00004776 0.0000508
 0.00036203 0.00005023 0.00005067 0.0000525  0.0000516  0.00005078
 0.00005066 0.00032651 0.00005023 0.00031141 0.00005029 0.00039729
 0.00005067 0.00005066 0.00004777 0.0003642  0.00004776 0.00005066
 0.00004776 0.00005066 0.00005063 0.00005269 0.00005101 0.00005063
 0.00036007 0.00005036 0.00026907 0.00004777 0.00005146 0.00005295
 0.00033052 0.00005066 0.00005066 0.00005044 0.00029749 0.00005205
 0.00005065 0.00005181 0.00005403 0.00005064 0.00005065 0.0002828
 0.00005055 0.00005173 0.00005065 0.00025512 0.00005578 0.00033526
 0.00005027 0.00004776 0.00005165 0.00004777 0.00005188 0.00004776
 0.00036299 0.00005063 0.00037509 0.00005497 0.00005067 0.00005066
 0.00038597 0.00033797 0.00005067 0.00005067 0.00005026 0.00005145
 0.0000518  0.00005387 0.00005192 0.00038407 0.0003465  0.00005065
 0.00028224 0.00005182 0.00005126 0.00005045 0.00005366 0.0004309
 0.00005064 0.00026038 0.00005067 0.00004777 0.00037257 0.00005175
 0.00005501 0.00028791 0.00004777 0.0000547  0.00005133 0.00005067
 0.00031723 0.00005412 0.00004804 0.00005693 0.00005064 0.00005063
 0.00005065 0.00004776 0.00005144 0.00005062 0.00004777 0.00035164
 0.00005058 0.00005043 0.00027107 0.00005067 0.0000521  0.00005067
 0.00004777 0.00004776 0.00005183 0.00005066 0.00036862 0.00005293
 0.00031993 0.000051  