67
66
67
66
67
67
67
67
66
67
67
66
67
67
60
58
65
65
62
69
74
68
72
70
62
52
48
47
43
42
46
39
44
59
60
60
64
61
61
62
61
63
63
67
66
67
66
66
66
67
67
67
67
66
66
66
66
66
67
67
67
67
68
64
69
59
59
63
58
53
63
66
66
65
64
67
68
66
62
57
64
56
55
55
51
51
48
52
70
64
68
66
71
74
63
63
58
61
55
70
64
71
64
71
70
68
66
66
67
66
65
66
67
67
66
68
70
69
69
66
67
63
63
59
59
54
63
67
65
71
67
64
55
54
50
48
49
47
49
45
42
41
52
57
73
76
68
71
63
76
83
62
59
56
59
65
66
75
71
68
66
69
71
66
66
66
66
66
66
65
70
67
69
70
70
64
64
60
66
72
66
63
59
63
72
65
64
56
57
52
51
58
56
54
45
42
37
37
42
46
46
54
56
59
63
71
75
64
63
55
64
64
62
69
62
77
62
66
74
67
66
66
66
66
67
65
67
68
64
67
62
63
61
61
71
67
72
69
67
69
69
67
74
62
60
61
62
56
51
59
55
47
45
46
54
62
73
74
72
73
76
80
72
64
64
63
70
56
59
61
68
60
55
67
64
64
66
66
66
67
65
68
66
66
59
56
63
70
71
64
65
72
70
70
78
78
79
76
72
69
63
64
52
51
60
57
57
56
52
52
54
64
66
67
68
74
75
72
72
69
65
59
82
62
70
74
70
62
60
52
51
65
66
66
66
66
64
62
59
57
51
56
64
62
62
62
65
66
75
79
81
79
74
75
67
59
59
60
54
54
52
56
66
59
50
55
56
56
70
69
70
70
73
74
68
63
74
70
70
63
65
65
74
73
63
49
51
47
64
65
66
65
62
62
52
42
49
55
65
58
59
59
62
63
71
72
73
73
76
78
72
64
60
56
55
56
52
55
60
60
62
52
59
65
72
72
76
77
77
73
66
65
65
66
56
58
57
61
65
67
56
52
45
41
60
66
65
65
59
58
53
44
42
46
51
72
69
77
73
70
67
71
76
77
72
70
75
74
67
70
64
62
64
69
67
69
67
67
67
70
73
75
69
69
75
76
71
64
74
74
64
48
46
51
61
71
61
51
48
50
66
64
65
65
57
57
56
39
34
56
75
75
76
80
84
74
72
75
77
79
77
83
83
85
87
80
74
80
79
76
76
84
81
78
76
77
78
75
74
76
75
77
81
82
74
81
76
73
55
60
60
64
53
44
37
46
66
64
63
65
56
57
50
35
48
67
79
77
82
84
86
89
84
84
85
86
89
82
83
89
89
85
92
90
88
91
93
93
99
96
91
93
90
89
88
86
86
78
82
84
86
86
79
79
75
64
43
59
45
38
42
44
65
64
64
64
56
57
40
35
57
77
77
79
88
90
91
92
95
96
95
100
97
93
84
89
90
94
100
100
99
102
102
102
102
102
101
101
100
100
96
95
91
91
84
90
89
89
83
79
78
80
66
53
69
47
38
42
57
65
62
63
55
57
35
44
67
80
75
83
89
91
91
93
96
99
101
102
103
102
99
100
103
104
103
104
104
105
106
104
105
105
105
103
103
102
101
99
96
94
94
91
90
88
84
80
79
80
75
67
60
53
39
42
44
65
63
62
55
58
38
50
73
77
74
84
91
90
92
94
99
99
102
103
103
104
105
106
103
103
105
105
106
106
106
107
107
107
106
108
105
105
104
102
100
97
96
93
89
90
86
82
77
80
77
68
57
45
48
42
43
63
62
62
55
56
41
54
71
73
75
84
90
89
91
95
95
99
101
102
102
103
105
105
105
106
106
105
106
108
108
108
108
109
108
110
108
106
104
101
101
99
96
95
94
91
87
81
78
77
75
70
53
36
31
40
50
63
62
61
54
56
37
54
67
70
74
82
88
89
90
94
96
96
99
98
99
102
101
104
103
104
104
106
107
105
107
106
106
106
107
106
105
105
103
102
97
101
96
98
95
93
82
81
78
75
73
69
56
36
25
31
47
63
61
61
54
56
48
50
65
67
71
82
88
88
89
90
91
94
95
95
95
96
98
100
96
93
104
105
105
105
105
105
104
105
104
104
103
101
101
99
100
99
100
98
95
90
82
78
78
77
71
68
64
52
32
22
48
63
60
61
54
55
45
45
60
64
65
76
85
90
91
92
96
98
99
101
98
98
97
98
99
98
102
103
104
106
106
105
105
105
103
105
103
103
101
101
100
101
101
98
96
87
83
77
79
75
68
68
57
46
38
33
41
63
60
60
54
56
43
46
57
63
63
71
81
87
88
94
97
100
103
102
102
101
101
100
100
101
103
106
104
105
106
106
106
106
106
105
105
105
103
102
102
100
99
96
93
85
79
75
77
71
67
67
60
40
36
30
43
62
60
60
53
55
38
46
55
63
63
65
78
84
83
89
97
98
101
104
105
103
103
104
103
103
103
105
105
105
107
106
106
106
106
106
106
104
102
100
100
96
94
93
87
80
77
74
75
69
72
67
54
37
34
31
45
62
59
60
55
54
40
44
50
64
64
63
79
86
87
86
92
95
98
101
103
103
103
103
104
104
103
103
102
105
104
105
105
108
108
108
107
102
102
100
98
96
95
92
87
80
75
76
74
73
71
62
59
38
35
30
63
60
58
60
52
65
72
30
43
62
69
67
75
79
74
71
69
71
79
82
88
94
99
96
101
101
100
100
100
99
102
100
101
101
100
99
94
89
88
87
83
94
92
91
90
85
71
76
76
75
72
63
45
38
46
92
64
67
62
57
54
53
25
47
38
61
70
61
60
56
55
46
42
49
56
57
59
62
71
79
84
92
91
95
91
93
90
88
84
76
66
64
60
53
56
51
56
75
71
74
73
75
70
77
78
75
72
54
40
42
77
70
60
52
76
55
52
71
33
56
43
57
71
59
60
54
48
42
38
33
27
28
33
36
48
58
67
76
80
86
83
80
75
70
62
57
53
38
37
38
46
48
56
55
62
73
73
72
72
79
78
75
75
45
44
71
84
81
60
63
87
53
50
72
55
73
72
57
72
63
56
48
41
36
64
40
20
36
44
42
36
43
46
67
95
101
100
90
73
60
63
63
61
50
77
46
27
38
44
52
52
55
63
76
80
82
79
77
78
55
70
53
74
90
68
76
70
53
50
57
71
75
54
54
71
77
72
60
54
64
69
70
61
69
77
67
64
55
52
79
103
106
106
99
85
81
89
91
82
71
89
80
59
62
82
75
69
62
81
88
94
88
79
80
66
77
81
87
66
84
72
85
44
55
53
45
70
70
53
67
71
83
89
87
71
72
76
76
76
71
71
75
69
75
74
86
104
105
108
101
91
91
93
90
87
72
74
76
76
80
85
84
86
92
97
96
94
89
78
72
55
96
86
98
74
87
81
66
53
54
52
51
58
72
84
71
67
84
93
96
93
85
82
80
83
88
89
91
84
82
81
81
101
108
106
99
90
93
94
90
92
98
99
90
84
83
83
88
94
99
98
95
94
88
77
67
59
85
82
84
86
83
84
47
53
53
51
51
45
73
79
92
65
79
88
95
98
100
100
98
97
99
96
89
82
81
81
79
96
107
105
94
91
90
91
91
90
96
99
101
101
96
99
99
99
101
98
96
95
88
75
64
62
90
98
93
89
85
56
51
52
52
51
51
52
52
81
85
73
72
83
89
93
97
101
99
101
100
96
91
81
74
77
83
96
105
108
95
93
87
84
86
92
99
101
102
103
103
103
101
100
99
98
94
92
83
68
62
72
94
94
86
93
69
48
52
51
52
51
51
51
49
55
75
84
64
81
88
94
91
97
98
98
97
95
88
66
81
79
89
95
103
109
102
99
89
91
88
80
96
98
101
102
103
101
103
98
96
96
92
88
79
64
61
83
96
88
83
64
47
50
51
50
51
50
50
51
51
47
50
48
59
73
82
85
89
90
93
94
89
81
67
72
73
74
87
96
98
103
100
93
81
85
83
76
91
86
89
95
96
96
95
95
90
89
86
81
71
66
61
48
46
48
47
51
51
51
50
50
51
50
51
50
50
50
50
47
56
59
66
75
76
81
83
79
75
75
70
65
51
38
51
78
86
89
77
55
42
39
66
83
88
92
80
75
86
92
89
85
84
82
76
76
71
65
56
44
47
47
48
50
50
49
50
52
49
50
49
50
50
50
49
48
48
60
55
60
68
70
75
73
75
75
71
69
61
49
47
45
46
50
53
66
74
82
84
84
87
85
90
84
68
83
85
82
81
76
74
73
67
65
44
45
47
47
48
49
51
49
50
50
50
50
50
49
50
49
49
48
44
59
55
54
60
69
74
70
69
65
66
70
72
60
57
57
57
75
78
84
86
86
91
83
81
81
82
81
90
73
85
83
82
77
72
73
67
60
44
46
47
49
50
49
51
50
50
48
50
49
49
48
48
48
49
49
47
52
61
55
58
72
82
79
53
42
65
71
77
81
79
79
88
89
84
85
84
84
81
79
80
74
51
47
72
85
84
85
83
73
74
70
63
61
42
48
48
48
50
49
51
50
49
50
50
49
49
49
49
48
48
48
46
46
56
63
55
64
77
86
79
48
41
30
31
41
49
41
53
52
51
57
46
48
47
40
45
68
89
89
83
86
88
83
75
69
74
64
56
62
41
48
48
48
50
48
48
48
49
51
48
49
47
48
48
47
47
48
46
47
45
57
61
56
70
86
90
78
75
67
60
55
56
51
65
72
60
73
82
77
81
81
86
90
92
92
94
94
85
76
69
70
70
53
67
59
43
48
49
48
50
50
47
49
51
48
48
48
48
48
46
46
48
46
47
45
47
44
56
57
56
77
86
91
89
85
74
76
81
83
82
84
82
86
90
95
90
84
88
92
89
88
86
86
82
73
68
67
50
74
70
52
45
48
49
49
48
48
48
48
50
48
50
47
48
46
47
45
47
46
44
46
46
42
68
47
52
62
77
84
85
83
81
75
75
79
80
80
79
83
84
89
86
87
87
86
82
86
88
87
75
69
63
50
69
73
66
51
45
48
48
49
48
48
47
48
48
48
49
46
47
46
46
46
45
44
45
44
44
38
69
64
48
50
68
80
88
81
77
80
79
82
85
86
85
85
88
85
86
85
86
82
85
91
91
82
70
55
48
67
73
71
59
51
45
48
48
47
47
48
50
48
48
47
48
45
45
45
46
44
45
44
44
45
43
47
71
67
62
48
47
71
84
82
91
86
85
87
89
94
96
99
98
93
88
90
93
91
90
93
83
70
46
52
71
73
69
67
65
45
47
47
48
47
47
47
46
47
47
48
47
45
44
44
45
44
44
44
43
47
59
28
76
69
62
59
49
44
69
82
87
92
91
85
88
94
95
96
98
98
94
90
95
94
88
83
65
46
60
71
76
72
71
65
63
45
47
46
46
45
44
48
47
47
47
47
47
44
44
43
43
43
42
45
56
32
34
40
75
70
66
63
55
51
47
52
73
80
83
80
86
86
85
83
87
90
91
88
86
81
75
55
51
66
73
74
75
72
70
66
61
46
46
46
46
45
47
46
48
47
46
46
47
44
43
44
48
51
50
55
51
41
42
59
68
71
67
64
60
58
49
48
44
55
65
64
67
68
70
69
67
70
66
65
63
56
47
59
66
72
75
73
75
73
70
67
50
56
44
45
45
45
46
45
46
45
47
46
46
53
52
61
49
48
45
52
63
38
40
64
70
69
70
66
63
59
55
47
51
43
38
42
40
40
36
33
33
35
34
35
38
50
59
67
71
76
77
73
75
71
69
63
55
56
37
41
48
44
45
44
45
45
45
45
45
