0.00094518 0.00139726 0.00146171 0.00111604 0.00122761 0.00107926
 0.00104635 0.00073523 0.00145805 0.00105527 0.0008007  0.0012787
 0.0009668  0.00138083 0.00074982 0.00073177 0.00121688 0.00136349
 0.00125641 0.0010519  0.0007749  0.00131692 0.00123553 0.00139892
 0.0010248  0.0013531  0.0009591  0.00116413 0.00153259 0.00125233
 0.0009964  0.00126799 0.00119204 0.00108653 0.00098354 0.00129915
 0.00075843 0.00125453 0.00116036 0.00114062 0.00152808 0.00108978
 0.00126322 0.00113558 0.00126274 0.00128486 0.00116913 0.00128896
 0.00119321 0.00144964 0.0013023  0.00112387 0.00124584 0.00133249
 0.0013296  0.00109722 0.00168686 0.00121377 0.00117283 0.00108553
 0.00103606 0.001259   0.00124032 0.00115868 0.00118358 0.00105456
 0.00119981 0.00133633 0.00105642 0.00127951 0.00100112 0.00118893
 0.00123807 0.00120279 0.00148371 0.00133248 0.00102796 0.00133747
 0.00130648 0.00104883 0.00109092 0.00133616 0.00112486 0.00115157