136
142
138
141
127
128
134
133
129
127
126
124
145
141
146
144
124
123
120
122
136
132
128
127
131
140
134
136
130
128
133
126
141
138
133
133
136
132
128
125
130
130
124
129
133
135
124
131
128
119
125
129
135
130
129
118
127
132
129
133
142
138
138
143
134
128
126
127
136
133
136
136
127
134
130
129
124
119
128
130
119
122
122
124
130
132
127
124
137
126
127
123
135
136
129
129
118
112
120
120
143
136
150
143
127
130
132
129
142
135
141
134
129
134
131
131
128
122
124
126
125
124
129
121
125
131
132
128
130
131
126
133
124
125
125
128
127
125
136
132
106
106
98
101
130
125
130
126
132
134
126
135
130
138
129
143
113
123
117
116
124
126
130
129
139
135
133
133
133
124
136
134
118
117
118
117
133
131
120
123
122
127
117
125
133
127
129
123
133
133
134
132
139
137
134
134
139
136
136
139
130
129
128
130
136
135
127
123
130
133
129
125
119
127
133
131
134
138
144
135
126
123
128
124
116
123
117
126
138
132
129
130
132
131
128
129
130
129
137
138
99
106
103
106
122
125
124
128
126
124
128
135
132
131
126
129
136
133
125
135
136
139
139
146
121
117
126
119
125
122
129
130
101
101
101
98
118
115
115
119
120
127
132
131
94
104
100
103
128
134
131
135
137
138
135
136
92
87
94
92
134
132
132
139
134
125
129
129
140
137
136
137
144
140
150
141
138
138
137
142
140
130
135
132
138
136
132
136
142
138
132
133
134
136
134
143
151
151
146
145
131
132
124
129
140
134
129
129
134
133
132
131
143
141
141
140
135
136
133
135
141
134
142
140
132
134
136
128
126
125
126
134
125
121
123
127
152
147
147
153
133
132
132
133
133
130
130
128
126
137
125
129
141
138
144
135
137
136
136
128
133
127
135
134
134
132
135
134
129
128
127
126
129
134
128
133
138
134
129
123
132
134
134
132
144
145
147
142
130
128
136
132
142
139
144
137
139
143
135
137
125
129
127
127
132
135
130
131
125
135
131
136
141
143
142
142
144
133
134
136
131
133
136
134
133
132
129
128
129
123
131
125
133
140
138
136
142
131
142
131
