39
52
45
39
38
43
48
58
53
46
35
48
40
41
50
46
45
58
50
38
49
47
42
41
45
31
44
55
50
40
46
49
53
37
38
38
54
63
47
43
27
52
68
59
44
51
51
50
50
41
35
63
66
46
46
42
45
49
44
41
33
55
29
29
46
51
50
52
45
43
32
43
25
41
60
58
50
45
42
50
41
53
44
60
58
47
34
42
50
58
68
56
43
45
49
42
36
47
51
47
51
53
51
48
45
46
52
45
49
47
57
58
59
59
48
46
51
40
47
50
52
47
51
48
50
52
55
44
44
58
48
41
50
40
40
53
57
40
45
52
48
40
55
51
42
48
49
33
46
52
53
43
48
46
33
44
44
34
44
48
59
39
46
50
41
49
47
39
44
48
57
43
46
50
39
50
52
42
49
53
53
41
48
47
37
40
41
39
48
52
47
38
47
40
32
43
43
38
42
43
39
37
39
39
38
41
41
48
51
45
40
42
37
36
44
53
53
56
56
41
42
44
57
50
55
53
51
52
51
44
43
42
51
51
55
49
54
56
55
50
37
43
46
47
48
54
55
53
53
46
39
51
51
54
52
56
52
46
50
49
47
57
51
47
41
48
50
54
48
51
53
55
47
45
47
56
52
55
50
43
54
52
59
52
59
58
50
50
47
49
58
63
62
52
57
52
52
57
60
56
88
87
76
77
78
70
58
62
66
62
86
83
65
68
76
71
63
71
69
68
82
83
68
75
78
76
67
61
65
71
88
87
75
73
76
77
61
60
68
74
81
82
78
57
81
76
62
65
76
75
73
69
73
64
88
86
62
66
79
74
72
75
80
75
80
68
62
58
71
68
80
70
63
65
67
61
56
57
64
61
74
73
66
69
63
65
64
59
65
60
72
72
80
69
60
61
61
59
58
55
59
57
53
54
60
55
49
47
46
46
35
46
43
42
51
51
53
50
50
46
35
49
48
50
48
46
45
44
47
45
55
49
46
44
41
43
37
38
38
41
49
49
51
47
50
53
42
43
45
47
51
57
62
59
61
63
43
49
56
55
56
61
53
46
50
46
46
51
61
56
39
39
29
44
45
49
45
51
57
55
37
41
38
50
46
49
58
54
55
52
44
40
46
57
55
55
50
49
49
44
55
49
54
62
68
55
55
49
51
52
52
56
51
53
60
53
51
49
48
49
52
52
54
45
56
45
52
47
47
46
58
53
55
47
50
48
44
47
45
46
60
56
54
48
54
42
41
49
51
46
54
56
49
59
52
46
44
50
53
48
47
59
47
56
55
35
50
61
57
55
47
57
44
55
49
47
50
66
60
49
37
43
41
50
56
55
56
56
49
47
34
40
52
58
56
55
51
51
45
47
78
82
81
84
72
69
66
70
67
72
91
83
83
91
70
68
69
65
65
68
82
75
81
87
72
72
65
65
73
69
78
77
80
80
78
71
73
64
76
71
80
75
74
71
76
68
67
67
69
72
75
65
76
70
72
64
63
62
64
61
80
71
74
75
67
68
61
54
58
57
82
67
79
74
59
59
61
55
53
49
82
61
72
61
51
57
50
46
48
50
68
66
66
51
47
46
52
56
54
51
66
56
55
56
62
57
62
46
46
44
60
64
62
61
64
57
65
48
56
53
59
60
68
64
54
57
71
55
63
60
64
59
61
61
63
57
68
52
59
61
61
60
70
56
53
53
54
57
60
63
60
60
67
62
64
48
60
59
66
60
60
45
58
71
68
57
59
63
50
50
49
49
58
74
61
52
53
53
59
48
55
44
54
60
54
56
58
57
42
36
57
47
61
61
59
53
51
45
43
38
84
89
83
87
77
70
68
72
72
76
89
92
74
83
84
83
77
81
73
68
89
84
87
84
92
81
80
80
80
71
97
75
82
82
85
79
82
80
78
72
95
82
86
77
84
78
75
70
73
71
91
88
83
74
81
76
76
64
69
67
88
94
82
80
76
70
73
63
62
67
90
87
83
74
74
70
66
64
67
68
95
87
87
72
64
63
63
63
69
70
95
69
69
63
60
62
68
67
64
62
43
56
43
40
45
47
51
49
45
50
30
46
52
51
50
55
54
52
46
46
40
50
50
52
59
51
49
45
48
47
49
50
47
48
48
50
47
50
53
50
44
37
46
49
57
51
49
51
45
54
42
48
55
62
59
44
39
51
58
55
50
58
42
41
53
45
45
46
49
43
36
39
41
46
42
46
44
41
39
35
44
40
43
50
45
42
40
41
38
37
48
47
46
48
43
38
41
48
48
47
70
72
60
64
59
59
46
47
52
57
70
65
57
60
46
53
43
42
47
55
63
53
47
56
42
59
50
38
48
56
59
46
46
41
43
60
45
36
42
51
60
60
51
31
39
50
51
32
49
51
55
54
52
36
49
55
50
42
46
48
55
58
53
56
53
52
51
43
53
59
54
47
55
55
47
51
49
50
54
61
46
35
49
52
38
44
48
43
48
44
29
23
51
43
39
41
36
38
35
39
57
56
58
36
22
46
73
51
31
35
55
62
60
39
22
43
67
50
30
40
40
64
57
45
30
45
62
54
31
43
29
55
44
48
32
41
55
47
27
48
35
48
42
49
33
33
42
47
29
42
49
39
34
48
36
38
36
37
30
37
55
30
31
48
47
34
39
43
43
47
56
27
29
48
51
38
41
53
50
53
51
31
19
42
52
42
43
49
55
53
46
32
28
43
48
42
41
47
53
52
51
47
48
40
49
50
42
42
46
46
59
55
55
49
49
42
50
54
54
51
64
50
42
58
63
59
52
56
50
50
56
65
59
61
63
53
59
59
61
52
49
62
59
48
46
51
57
63
60
54
46
45
45
38
49
54
58
56
51
44
43
47
62
62
63
60
46
45
45
45
58
66
64
57
50
45
52
44
50
46
61
56
53
54
53
45
45
46
44
41
61
63
54
49
49
44
41
40
43
40
59
57
56
52
52
55
58
57
61
58
61
61
59
59
54
69
66
56
62
63
45
58
64
68
56
67
67
59
65
66
52
60
57
57
56
70
68
61
58
60
66
58
61
63
58
64
69
57
54
61
64
56
72
66
60
68
68
55
54
65
82
74
82
71
65
73
74
60
64
62
74
69
76
75
69
71
72
61
61
68
67
65
74
76
62
60
66
63
66
70
76
60
74
72
66
68
70
69
69
68
68
68
52
47
56
62
61
54
56
55
50
62
50
49
55
67
61
56
49
55
58
59
54
59
56
53
46
49
50
60
68
71
54
45
49
56
53
53
53
56
51
68
63
62
61
63
58
54
59
62
49
59
79
68
66
60
53
60
58
65
52
58
60
64
55
54
43
55
58
53
41
42
39
54
55
53
50
41
45
47
45
47
53
60
47
40
39
41
42
43
63
50
45
47
39
35
36
39
40
39
55
51
58
50
47
55
61
51
49
50
66
52
48
47
59
70
64
46
44
47
67
59
49
43
52
68
55
48
43
51
63
63
45
38
41
69
59
48
48
47
56
62
48
47
54
68
58
44
41
48
65
70
64
52
54
58
46
40
49
51
68
60
56
45
54
57
48
50
51
54
54
50
56
59
60
58
51
50
58
61
43
50
60
64
58
51
44
51
64
70
44
47
53
48
47
47
54
64
64
63
