0.00031655 0.00030713 0.00030941 0.00031556 0.00026176 0.00032056
 0.00032436 0.00028667 0.00028906 0.00030056 0.00031279 0.00028776
 0.00028452 0.00031659 0.00031175 0.00026707 0.00036158 0.00035567
 0.00031022 0.00033616 0.00034578 0.00028999 0.00032899 0.00025971
 0.00029778 0.00027871 0.00029201 0.00026429 0.00030602 0.00029086
 0.00026378 0.00027331 0.00033589 0.00026282 0.00031496 0.00030954
 0.00032238 0.00030036 0.00032937 0.00029117 0.00025159 0.00037662
 0.00036623 0.00026062 0.00033072 0.00025479 0.00034009 0.00029731
 0.00028158 0.00026032 0.00030209 0.00029328 0.00029497 0.00035327
 0.00027726 0.00032558 0.00034362 0.0002641  0.00029193 0.00030534
 0.00021248 0.00037282 0.00033818 0.00025092 0.00031119 0.00026454
 0.00030934 0.00028167 0.00020586 0.00032152 0.0003576  0.00020571
 0.0002556  0.00032373 0.00020265 0.00027147 0.00026444 0.00033919
 0.00027243 0.00030042 0.00027251 0.00029378 0.00031302 0.00027503
 0.00026851 0.00026951 0.00024479 0.00031154 0.00027337 0.00028144
 0.00028659 0.00030569 0.00031629 0.00030295 0.00027172 0.00028417
 0.00030786 0.00029991 0.00025403 0.00029647 0.00030375 0.00030889
 0.00026457 0.00029973 0.00032198 0.00025924 0.00026272 0.0002681
 0.00029382 0.00027508 0.00030916 0.00028574 0.0002891  0.00027189
 0.00032093 0.00033675 0.00029172 0.00027397 0.00035827 0.00027565