79
79
82
83
80
78
81
79
79
79
80
80
80
83
84
85
83
81
80
80
78
74
75
74
74
71
70
70
71
68
63
58
76
75
79
83
81
80
82
81
81
78
77
79
81
85
85
85
84
80
77
75
72
69
70
70
74
73
72
71
71
68
62
59
75
75
79
83
80
81
82
82
81
81
79
78
80
83
83
84
85
79
72
60
55
49
50
57
60
67
71
70
71
69
65
60
77
77
80
87
83
83
84
84
82
82
83
95
88
78
81
82
79
74
52
51
49
46
40
37
43
41
56
66
70
70
68
63
77
78
80
85
84
81
84
83
82
82
86
123
97
75
73
71
55
39
42
56
56
53
48
46
37
42
42
52
64
69
66
64
74
66
65
73
80
82
83
83
81
82
81
90
78
64
48
33
34
33
44
59
61
59
57
47
49
45
29
33
54
70
69
67
63
54
23
44
76
85
84
85
84
83
82
73
64
63
50
34
39
36
41
66
73
62
52
53
57
42
31
23
39
66
70
67
65
49
21
35
71
83
82
84
85
80
70
60
65
72
58
44
45
42
38
62
81
68
51
53
50
42
27
24
28
53
69
68
85
51
27
62
76
80
81
83
82
87
56
62
78
78
60
43
41
42
40
40
69
73
56
43
41
43
35
28
20
37
66
68
90
67
47
77
87
79
78
76
103
118
103
78
87
74
62
46
43
37
29
38
68
71
66
53
43
43
42
37
25
20
47
66
91
54
71
82
88
77
79
61
106
118
110
82
91
78
62
60
39
40
22
45
87
78
77
53
43
51
44
39
29
20
29
52
94
50
67
85
93
83
86
67
58
97
99
85
92
94
67
58
51
42
19
62
105
80
73
46
41
47
52
42
36
27
31
38
94
45
63
87
87
83
89
79
48
84
84
68
93
108
80
61
60
57
25
75
97
77
61
45
42
42
47
43
42
36
39
36
94
46
76
92
59
68
86
83
51
73
72
83
94
113
90
70
63
58
35
77
93
74
57
43
40
36
40
49
50
45
48
47
97
54
84
93
52
49
78
83
50
57
69
99
95
86
72
77
73
51
35
76
89
68
65
55
42
45
47
54
57
50
48
58
98
66
86
92
65
39
70
77
57
65
71
115
121
72
67
65
60
54
47
72
84
76
56
43
35
43
52
56
60
51
60
68
101
73
84
95
84
39
63
69
69
48
77
86
81
70
56
56
50
52
56
85
78
74
67
54
39
39
47
50
53
62
75
72
107
81
82
91
88
47
48
78
74
53
64
59
57
58
51
57
43
50
72
59
34
64
66
37
30
29
35
51
58
71
75
70
106
89
83
86
88
62
43
70
76
67
52
38
67
62
64
73
42
46
75
66
58
53
37
32
22
32
43
66
77
80
77
75
99
93
85
87
88
72
43
59
61
68
72
35
64
54
72
92
58
36
65
68
67
44
25
26
23
45
60
81
85
82
79
74
82
97
89
88
90
76
49
65
85
51
46
40
46
61
89
95
75
50
44
43
30
23
19
12
23
30
54
72
72
64
63
60
58
97
88
89
90
69
41
75
122
109
66
67
74
88
95
97
84
62
55
30
17
17
24
29
30
29
34
36
39
34
29
27
39
87
87
88
88
70
54
105
126
126
104
62
57
62
58
61
52
34
34
30
26
25
25
28
28
25
21
25
29
24
21
21
20
48
72
84
89
82
82
123
126
113
55
30
26
24
24
24
22
21
23
21
19
23
23
21
21
23
23
25
27
26
25
22
14
14
29
65
83
66
97
127
120
70
30
25
25
25
24
25
23
21
19
17
17
19
19
21
22
28
31
29
28
25
23
25
24
15
17
36
64
64
107
127
93
33
27
25
26
26
23
22
21
20
18
19
20
20
21
23
29
31
32
29
27
25
35
41
26
17
15
20
33
64
112
120
62
29
24
28
27
22
22
23
23
21
21
22
22
22
27
29
27
23
21
18
25
36
42
38
25
17
14
17
22
39
101
105
48
32
27
24
29
24
20
22
23
24
23
23
25
19
19
24
23
19
14
20
33
33
23
25
25
17
16
16
20
23
52
85
32
27
26
26
30
29
27
22
21
20
23
24
23
21
20
19
18
20
22
31
23
15
7
25
34
21
15
19
18
21
21
35
24
15
13
19
24
28
29
26
28
30
28
26
25
22
19
16
21
31
39
36
28
19
6
20
30
24
17
21
19
21
22
20
21
13
11
15
13
14
18
23
28
31
33
37
34
24
21
21
30
42
54
46
30
13
14
10
27
28
22
21
20
20
20
19
18
13
11
14
12
14
9
9
16
23
30
37
33
26
26
22
33
44
52
44
24
12
17
10
56
55
58
59
56
54
57
56
55
56
58
55
55
58
58
59
58
56
55
56
54
53
53
53
53
50
49
48
48
47
45
42
56
55
57
58
56
56
58
57
58
55
55
55
56
59
58
57
57
55
56
57
55
52
51
50
52
51
51
48
49
47
45
44
55
54
55
55
53
57
58
58
57
57
57
54
55
57
57
56
58
57
55
48
45
39
38
42
43
48
51
49
49
49
47
44
53
55
54
56
55
58
60
59
57
58
61
73
65
55
57
57
56
55
40
43
45
45
37
31
35
31
42
49
51
50
49
47
53
57
57
57
57
56
60
58
56
58
64
107
78
57
55
54
40
26
34
51
55
57
51
47
36
39
36
41
48
50
47
46
54
52
50
56
57
56
58
57
55
58
59
69
61
51
37
25
29
28
41
56
60
61
58
48
50
45
29
29
42
52
49
47
50
47
18
37
58
59
57
59
58
58
60
53
49
54
43
33
41
37
42
65
71
59
49
51
55
41
35
23
30
49
49
46
57
48
21
32
55
58
57
58
59
56
54
47
55
65
53
43
47
44
38
59
76
62
46
49
46
40
30
26
23
41
51
48
80
52
29
60
62
56
58
61
60
67
44
52
70
71
55
40
40
42
39
35
62
67
51
39
38
41
36
28
17
29
53
51
88
69
50
77
74
58
58
59
90
107
90
65
76
65
55
42
42
37
28
34
62
66
62
49
40
42
42
38
24
15
37
51
91
58
75
84
78
56
59
44
98
112
95
67
79
68
54
55
38
40
22
42
82
73
73
50
41
51
44
39
29
18
23
40
95
54
72
87
83
60
61
46
47
91
85
71
80
85
59
53
49
42
19
60
100
76
69
44
40
46
52
43
37
26
27
28
97
48
67
90
78
61
61
54
34
77
72
57
83
101
74
56
57
57
25
73
93
74
59
44
41
42
47
43
43
36
37
27
96
47
77
94
55
53
62
58
36
66
62
74
87
108
86
65
58
57
35
76
90
72
55
42
40
36
40
50
50
44
44
36
98
53
83
93
54
44
59
61
37
53
61
92
90
82
70
71
68
50
35
76
87
66
64
54
43
46
48
55
58
48
42
47
98
64
83
89
68
41
60
62
47
60
65
110
118
69
65
60
56
52
44
67
79
73
54
42
36
44
52
54
55
43
48
52
101
73
82
91
85
43
62
63
60
40
71
81
76
66
53
53
50
50
45
71
69
70
65
52
38
39
46
45
41
44
54
52
107
83
83
92
91
51
48
74
68
46
58
52
51
52
45
55
45
51
64
48
28
60
63
34
28
28
35
46
47
56
58
55
105
92
87
90
92
65
44
69
74
64
45
32
60
55
58
71
46
48
69
58
54
49
34
29
20
31
34
52
59
60
57
55
96
94
88
89
91
74
45
60
62
68
67
29
59
48
67
88
59
37
59
62
64
43
24
25
24
45
45
59
60
56
55
53
78
96
89
86
90
78
51
67
87
52
45
38
45
59
86
91
74
50
39
38
30
26
23
16
28
35
50
62
61
54
56
52
60
100
89
84
89
72
43
76
123
111
70
70
78
91
98
96
86
66
54
31
24
27
35
40
42
42
49
50
52
48
46
45
52
98
91
86
88
73
56
105
126
126
112
71
66
70
66
66
62
46
43
41
42
42
42
46
47
45
48
52
54
48
48
47
44
68
84
87
91
85
83
122
125
115
68
44
40
38
37
36
39
40
40
41
43
45
44
43
44
46
47
48
48
47
47
45
45
43
51
76
89
68
94
125
122
79
47
42
42
42
41
42
43
42
41
39
41
43
42
44
46
51
51
50
51
49
47
51
55
47
42
53
74
68
106
126
99
46
45
44
45
45
41
41
41
40
40
41
43
44
46
47
54
55
54
54
54
52
61
68
57
49
43
41
47
72
114
122
71
46
43
47
46
41
41
41
42
41
43
44
45
48
53
55
52
48
47
45
54
65
69
62
55
49
44
43
41
53
109
114
63
52
47
43
48
43
40
41
42
43
44
44
48
46
46
51
50
46
42
50
64
63
49
48
54
48
46
44
44
42
66
98
50
48
47
47
51
50
48
41
39
40
44
46
46
47
46
46
45
46
51
62
55
45
30
46
62
50
44
45
43
44
39
53
44
38
35
41
46
50
51
46
47
49
49
48
47
47
44
41
45
56
66
65
58
48
32
42
58
51
42
45
45
46
44
40
42
36
33
37
35
36
40
43
47
50
54
59
56
47
44
44
52
65
78
72
57
41
41
32
53
52
44
43
44
46
43
40
39
34
33
36
34
36
31
29
35
43
52
59
55
48
47
43
54
65
73
67
49
38
42
33
24
23
25
26
23
20
23
22
22
20
20
26
24
20
22
22
20
19
19
21
22
22
22
21
22
19
21
20
19
18
18
16
25
20
22
28
24
21
23
22
23
19
20
27
26
20
20
16
15
16
20
25
26
27
26
24
25
23
22
19
17
15
16
17
23
16
18
24
21
22
22
22
21
21
24
28
25
19
18
17
19
23
27
24
26
25
23
25
24
27
25
19
17
17
17
16
20
16
15
22
21
23
24
24
22
22
28
47
37
20
23
27
29
33
23
32
38
42
33
25
26
19
22
23
21
19
19
18
20
24
24
23
21
20
23
22
20
21
29
82
53
28
30
35
25
15
28
49
55
59
52
46
33
35
23
22
24
23
18
18
27
32
28
26
22
19
20
20
18
19
21
42
39
29
21
15
21
22
38
55
60
61
58
48
48
43
23
18
24
29
22
20
28
40
8
14
24
21
20
21
21
18
19
26
29
37
35
28
36
32
37
60
66
54
45
47
51
38
34
19
18
29
24
19
45
46
19
20
28
21
18
19
24
25
25
24
38
53
46
39
44
41
34
53
70
56
40
44
42
37
29
24
16
25
25
19
72
52
29
56
41
21
20
25
33
47
29
39
60
64
50
37
38
41
36
30
56
61
46
35
34
38
33
26
13
17
29
22
81
71
52
74
56
25
23
30
73
99
83
59
72
62
53
39
39
35
26
29
56
61
57
44
37
39
39
35
21
7
22
28
87
61
79
84
61
25
25
23
89
113
94
65
77
66
52
52
34
38
20
38
77
68
69
46
38
48
39
36
29
16
15
23
94
58
76
89
68
29
27
22
40
94
82
66
75
79
53
47
44
39
17
56
96
71
65
41
37
44
47
40
39
27
24
13
97
52
72
92
66
34
26
23
22
76
63
47
74
91
64
49
52
54
23
70
89
70
55
41
39
40
42
40
44
36
32
12
96
51
81
96
49
33
29
25
19
60
51
63
77
100
78
58
53
54
34
73
87
68
52
40
38
35
36
47
49
40
34
17
98
56
86
94
54
33
31
27
17
44
51
84
84
79
70
67
62
47
35
74
85
63
61
52
41
45
45
52
55
40
26
23
98
68
87
90
71
38
44
38
26
46
58
105
115
68
65
56
50
47
37
59
73
69
50
40
34
43
49
49
46
27
24
24
102
80
89
94
86
45
63
56
41
18
66
77
70
58
44
45
46
43
29
52
54
63
59
48
36
38
47
41
27
22
27
23
107
90
92
97
93
52
51
72
55
30
52
47
44
44
36
49
44
47
51
32
16
52
57
30
25
26
32
39
32
34
32
27
102
96
94
96
94
66
48
71
70
55
40
27
54
48
50
66
46
46
60
46
46
43
29
26
19
30
20
29
31
27
22
23
90
93
90
92
92
76
49
66
65
67
63
25
54
43
61
84
59
36
51
52
59
39
22
25
26
46
30
34
32
26
25
23
73
93
87
86
90
80
55
73
92
55
43
36
43
58
86
88
74
50
33
31
28
27
25
20
34
41
37
41
38
30
34
31
62
100
88
84
89
73
45
79
125
112
72
73
82
96
104
98
90
71
54
31
29
34
43
51
55
55
61
59
60
56
56
57
66
106
96
88
91
75
56
104
123
126
116
78
74
81
78
76
74
59
52
50
55
55
57
62
65
65
67
70
71
66
68
66
67
84
94
94
96
87
82
118
120
114
76
55
52
52
53
50
57
60
56
58
62
62
63
64
66
69
68
68
67
67
69
66
70
65
67
88
95
68
90
121
122
87
63
59
59
60
60
58
58
58
57
56
60
62
62
65
67
72
71
71
73
72
70
74
81
70
62
68
83
71
104
124
102
59
64
62
63
63
60
57
56
56
56
58
61
65
67
69
75
76
73
74
77
76
83
91
82
73
65
61
63
82
117
123
76
57
61
65
64
59
59
59
59
59
61
63
65
70
75
77
75
70
70
69
79
89
91
84
81
74
69
66
63
69
116
117
70
63
64
62
66
61
58
59
61
63
65
66
70
69
69
74
73
69
66
76
91
88
71
69
80
73
71
70
69
62
79
105
59
60
64
65
69
67
65
60
59
60
65
67
68
69
69
68
67
69
75
89
82
70
51
68
88
74
68
73
69
66
56
66
57
52
52
58
64
67
68
64
65
68
69
69
68
68
65
62
66
77
89
90
84
73
54
63
84
74
66
71
69
67
62
56
57
52
51
54
53
54
57
60
64
67
72
78
76
67
63
63
72
85
98
95
82
65
63
53
80
74
66
67
67
66
61
57
57
52
50
54
52
54
49
44
50
59
68
76
72
65
65
61
72
83
91
87
72
62
64
55
