100
151
119
156
103
136
134
88
98
166
124
108
177
102
111
110
109
102
108
141
111
160
103
162
111
108
122
146
121
105
124
103
112
111
104
107
164
102
163
123
115
109
122
110
108
104
136
113
109
103
111
108
100
165
108
91
113
144
123
168
119
120
102
127
110
117
98
112
162
115
109
115
152
149
102
108
110
115
121
123
115
135
173
104
148
101
92
109
116
161
106
160
104
118
127
103
109
166
121
113
105
106
182
113
120
111
110
113
101
121
113
109
122
160
105
117
122
99
106
95
120
121
93
117
146
116
128
101
