0.00033048 0.00004747 0.00004945 0.00005039 0.00004748 0.00004747
 0.00004747 0.00030589 0.00004748 0.00005128 0.00004747 0.00037249
 0.00005054 0.00004926 0.00031177 0.00037489 0.00005019 0.00005125
 0.00004746 0.00005496 0.00033626 0.00032987 0.00005317 0.00004944
 0.00027001 0.00030239 0.00032342 0.00027302 0.00005006 0.00004944
 0.00035095 0.00029106 0.00033076 0.00005046 0.00005306 0.00005195
 0.00004944 0.00004943 0.00023992 0.00004942 0.00005178 0.0000501
 0.00030184 0.00041003 0.00035164 0.00005241 0.00004935 0.00004747
 0.00005075 0.00005087 0.0000506  0.00005007 0.00004747 0.00004964
 0.00034221 0.00005015 0.00005232 0.00005683 0.00024826 0.00004748
 0.00004914 0.00005332 0.00005342 0.00030071 0.00004994 0.00025242
 0.00004966 0.00032908 0.00005077 0.00004748 0.0003019  0.00033449
 0.00036224 0.00004745 0.00004748 0.00004748 0.00005001 0.00005159
 0.00004943 0.00004944 0.00026557 0.00005315 0.00004928 0.00036665