0.00014407 0.00020144 0.00014943 0.00016042 0.00017366 0.00016017
0.0001679  0.00019397 0.0002215  0.00009018 0.00016089 0.00017733
0.00019587 0.0001724  0.00017756 0.00009399 0.00015456 0.00014633
0.0001738  0.00015447 0.00014182 0.00014826 0.00018121 0.00015986
0.00021657 0.00021921 0.0002363  0.00019965 0.00012691 0.00023494
0.00014727 0.00021143 0.0002376  0.00014371 0.00011085 0.00010719
0.00013242 0.00012492 0.0001379  0.00014488 0.00013654 0.00014615
0.00019141 0.00022399 0.00028678 0.00012003 0.00017307 0.00021075
0.00015313 0.00018357 0.00008802 0.00015748 0.00014706 0.00017763
0.00013533 0.00017391 0.0001775  0.00009064 0.00014633 0.00010767
0.00016698 0.0001373  0.00016543 0.00016589 0.0001753  0.00011464
0.0001011  0.00014109 0.00026187 0.00016084 0.0001195  0.0002019
0.00020816 0.0002803  0.00009645 0.00010589 0.00020441 0.00015545
0.0000896  0.00008696 0.00012337 0.0000916  0.00008993 0.00010782
0.00012299 0.00016895 0.00008928 0.00015105 0.00027151 0.00019011
0.00022982 0.00024286 0.00018297 0.00016742 0.00014102 0.00018582
0.00013054 0.00008725 0.00014652 0.00021105 0.00014618 0.00014698
0.00018897 0.00015793 0.0002021  0.00020115 0.00009635 0.00008754
0.00009831 0.00012769 0.00010111 0.00009007 0.00022068 0.00017525
0.00028446 0.00030645 0.00018926 0.00014777 0.00008525 0.00011703
0.00009822 0.00019281 0.00014507 0.00018429 0.00010206 0.00017203
0.00035012 0.00019292